id,p0,p1,p2,p3,p4,p5,p6,p7,p8,p9
0,0.000000,0.000000,0.000001,0.002152,0.000000,0.000150,0.000000,0.994832,0.000001,0.002864
1,0.000003,0.000241,0.984940,0.011115,0.000000,0.000302,0.000262,0.000000,0.003137,0.000000
2,0.000000,0.989014,0.004001,0.001927,0.000162,0.000013,0.000001,0.000031,0.002885,0.001967
3,0.995639,0.000000,0.000005,0.000000,0.000000,0.003888,0.000466,0.000000,0.000002,0.000000
4,0.000000,0.000114,0.000010,0.000001,0.949838,0.000191,0.000046,0.000093,0.001057,0.048652
5,0.000000,0.992301,0.000257,0.001121,0.000017,0.000001,0.000000,0.000107,0.000800,0.005396
6,0.000001,0.000003,0.000002,0.000000,0.991534,0.001087,0.001255,0.000001,0.003047,0.003070
7,0.000000,0.015838,0.000048,0.004350,0.008203,0.001720,0.000000,0.014482,0.003801,0.951558
8,0.000207,0.000070,0.001321,0.000030,0.876517,0.017634,0.045357,0.000023,0.051612,0.007230
9,0.000000,0.000199,0.000001,0.000018,0.019546,0.000123,0.000000,0.006191,0.000691,0.973232
10,0.996711,0.000000,0.000000,0.000000,0.000000,0.003107,0.000182,0.000000,0.000001,0.000000
11,0.002974,0.000000,0.000620,0.000000,0.002798,0.000992,0.990402,0.000000,0.002213,0.000000
12,0.000000,0.000572,0.000001,0.000044,0.012194,0.000122,0.000000,0.005377,0.000736,0.980954
13,0.995407,0.000000,0.000000,0.000000,0.000000,0.004428,0.000164,0.000000,0.000001,0.000000
14,0.000000,0.999172,0.000031,0.000272,0.000001,0.000000,0.000000,0.000002,0.000160,0.000362
15,0.001597,0.000007,0.000855,0.071676,0.000132,0.894058,0.000100,0.004272,0.021672,0.005630
16,0.000000,0.000630,0.000003,0.000025,0.024853,0.000089,0.000000,0.009098,0.001098,0.964203
17,0.000000,0.000000,0.000003,0.010265,0.000000,0.000273,0.000000,0.988196,0.000001,0.001260
18,0.000000,0.040031,0.140861,0.780596,0.000001,0.004779,0.000008,0.000240,0.033245,0.000239
19,0.000000,0.000022,0.000002,0.000000,0.993928,0.000197,0.000189,0.000003,0.000291,0.005367
20,0.000000,0.000006,0.000000,0.000222,0.002871,0.003239,0.000000,0.107101,0.000161,0.886400
21,0.012651,0.000000,0.000045,0.000000,0.001562,0.003586,0.981920,0.000000,0.000236,0.000000
22,0.003115,0.000001,0.003624,0.000001,0.026394,0.001266,0.963956,0.000000,0.001641,0.000003
23,0.034679,0.000000,0.000014,0.000529,0.000180,0.962744,0.000691,0.000054,0.000964,0.000145
24,0.000009,0.000020,0.000029,0.000007,0.976493,0.002628,0.000600,0.000229,0.000541,0.019444
25,0.992585,0.000000,0.000001,0.000000,0.000002,0.004453,0.002955,0.000000,0.000004,0.000000
26,0.000000,0.000000,0.000000,0.000386,0.000000,0.000198,0.000000,0.989721,0.000000,0.009695
27,0.000000,0.000006,0.000001,0.000000,0.995774,0.000073,0.000092,0.000001,0.000275,0.003777
28,0.999346,0.000000,0.000000,0.000000,0.000000,0.000551,0.000102,0.000000,0.000000,0.000000
29,0.000000,0.989258,0.001108,0.003746,0.000038,0.000017,0.000000,0.000007,0.004541,0.001286
30,0.000000,0.000389,0.000128,0.989725,0.000000,0.000784,0.000000,0.008430,0.000114,0.000431
31,0.000000,0.971150,0.000893,0.010275,0.000173,0.000064,0.000000,0.000180,0.003386,0.013880
32,0.000000,0.000385,0.000123,0.996034,0.000000,0.001114,0.000000,0.001753,0.000323,0.000269
33,0.159647,0.000000,0.000894,0.000007,0.179819,0.058511,0.598662,0.000008,0.002340,0.000111
34,0.000000,0.000013,0.000022,0.009237,0.000000,0.000084,0.000000,0.984402,0.000051,0.006190
35,0.000000,0.000260,0.994932,0.002987,0.000000,0.000014,0.000006,0.000000,0.001801,0.000000
36,0.000000,0.000009,0.000008,0.006201,0.000000,0.000136,0.000000,0.981550,0.000017,0.012078
37,0.000000,0.994839,0.000151,0.000762,0.000037,0.000002,0.000000,0.000007,0.001638,0.002563
38,0.000123,0.000493,0.770304,0.173801,0.000001,0.017885,0.000533,0.000015,0.036840,0.000006
39,0.000000,0.993739,0.000088,0.000267,0.000073,0.000002,0.000000,0.000001,0.003509,0.002320
40,0.000000,0.988607,0.003628,0.004969,0.000027,0.000012,0.000000,0.000036,0.001646,0.001076
41,0.000000,0.000018,0.000009,0.007322,0.000000,0.000135,0.000000,0.979963,0.000010,0.012544
42,0.000000,0.000195,0.000011,0.000001,0.954112,0.000217,0.000081,0.000017,0.004748,0.040618
43,0.000011,0.002607,0.966482,0.000857,0.000026,0.000280,0.011424,0.000000,0.018312,0.000001
44,0.000000,0.003439,0.005453,0.973027,0.000001,0.012819,0.000001,0.001817,0.002534,0.000909
45,0.003632,0.000001,0.000217,0.011101,0.000135,0.975378,0.000480,0.000147,0.008263,0.000646
46,0.000000,0.979490,0.000502,0.014576,0.000005,0.000015,0.000000,0.000048,0.002558,0.002807
47,0.000013,0.000584,0.974236,0.000133,0.000010,0.000070,0.018849,0.000000,0.006105,0.000000
48,0.000000,0.000012,0.000000,0.000000,0.989033,0.000102,0.000054,0.000000,0.002345,0.008454
49,0.000000,0.000124,0.000011,0.000000,0.990248,0.000037,0.000100,0.000005,0.000684,0.008791
50,0.030707,0.000000,0.000333,0.000000,0.000086,0.001786,0.967001,0.000000,0.000086,0.000000
51,0.000000,0.000586,0.000446,0.993788,0.000000,0.000400,0.000000,0.004444,0.000194,0.000141
52,0.010985,0.000000,0.000044,0.002114,0.000726,0.982668,0.000566,0.000341,0.001516,0.001041
53,0.000725,0.000009,0.000163,0.016679,0.004056,0.910597,0.000147,0.007882,0.011235,0.048507
54,0.000088,0.000000,0.004477,0.000000,0.000036,0.000010,0.994886,0.000000,0.000503,0.000000
55,0.969839,0.000000,0.000009,0.000000,0.000002,0.008672,0.021409,0.000000,0.000070,0.000000
56,0.000000,0.000003,0.000001,0.000000,0.997751,0.000057,0.000176,0.000000,0.000337,0.001677
57,0.000000,0.990730,0.000537,0.002984,0.000014,0.000003,0.000000,0.000166,0.000924,0.004642
58,0.000000,0.000337,0.000000,0.000019,0.021333,0.000066,0.000000,0.006815,0.000195,0.971234
59,0.003061,0.000003,0.000161,0.020076,0.002272,0.575648,0.000024,0.314480,0.001026,0.083248
60,0.000000,0.000000,0.000000,0.000611,0.000000,0.000074,0.000000,0.996430,0.000000,0.002886
61,0.000001,0.002800,0.035025,0.001926,0.000055,0.001066,0.000070,0.000020,0.958488,0.000550
62,0.000004,0.000246,0.000075,0.000618,0.220272,0.024626,0.000039,0.015614,0.010640,0.727864
63,0.000000,0.043748,0.047646,0.901082,0.000000,0.000241,0.000000,0.001446,0.005676,0.000161
64,0.000000,0.000006,0.000007,0.003225,0.000000,0.000086,0.000000,0.986804,0.000014,0.009857
65,0.000010,0.000607,0.000237,0.000514,0.859845,0.059662,0.004320,0.000093,0.018455,0.056257
66,0.035634,0.000040,0.159124,0.000267,0.024708,0.027695,0.735431,0.000013,0.017001,0.000087
67,0.000000,0.000022,0.000003,0.000000,0.994773,0.000031,0.000078,0.000003,0.000270,0.004820
68,0.000000,0.000557,0.000073,0.990947,0.000000,0.000572,0.000000,0.006335,0.000662,0.000854
69,0.998420,0.000000,0.000001,0.000000,0.000000,0.001305,0.000274,0.000000,0.000000,0.000000
70,0.000000,0.000000,0.000000,0.002694,0.000000,0.000163,0.000000,0.995560,0.000000,0.001582
71,0.999026,0.000000,0.000000,0.000000,0.000000,0.000855,0.000118,0.000000,0.000000,0.000000
72,0.000201,0.000001,0.993903,0.005365,0.000000,0.000230,0.000059,0.000000,0.000241,0.000000
73,0.000000,0.001948,0.000007,0.001574,0.000044,0.000087,0.000000,0.166075,0.002825,0.827439
74,0.000000,0.988186,0.000182,0.000544,0.000214,0.000006,0.000000,0.000005,0.005494,0.005368
75,0.000000,0.000001,0.000002,0.001959,0.000000,0.000252,0.000000,0.983928,0.000005,0.013853
76,0.000000,0.012613,0.001043,0.979952,0.000000,0.001880,0.000000,0.000979,0.002381,0.001152
77,0.000096,0.006138,0.934672,0.007364,0.000437,0.002830,0.001738,0.000488,0.045799,0.000439
78,0.000000,0.014364,0.000021,0.000527,0.033313,0.000896,0.000001,0.001238,0.019209,0.930431
79,0.000000,0.000000,0.000000,0.000259,0.000000,0.000032,0.000000,0.994716,0.000001,0.004993
80,0.000000,0.000000,0.000000,0.000260,0.000080,0.001369,0.000000,0.830444,0.000002,0.167845
81,0.006846,0.000000,0.000578,0.000000,0.004173,0.001266,0.986628,0.000000,0.000507,0.000000
82,0.000000,0.000056,0.999188,0.000274,0.000000,0.000002,0.000007,0.000000,0.000473,0.000000
83,0.000000,0.000000,0.000000,0.000091,0.000001,0.000128,0.000000,0.969555,0.000000,0.030225
84,0.000002,0.000395,0.001049,0.000176,0.010191,0.009016,0.001927,0.000002,0.974283,0.002960
85,0.000000,0.000002,0.000000,0.000000,0.998638,0.000024,0.000079,0.000000,0.000216,0.001041
86,0.000000,0.000001,0.000001,0.001375,0.000000,0.000035,0.000000,0.993466,0.000003,0.005119
87,0.000001,0.000060,0.000101,0.906693,0.000001,0.067330,0.000000,0.020442,0.000459,0.004913
88,0.000239,0.000000,0.000358,0.000000,0.002393,0.000059,0.996791,0.000000,0.000160,0.000000
89,0.000000,0.992739,0.001068,0.000363,0.000288,0.000004,0.000000,0.000005,0.003673,0.001860
90,0.000000,0.000640,0.003033,0.992830,0.000000,0.001057,0.000000,0.000951,0.001426,0.000061
91,0.000190,0.000000,0.000220,0.000000,0.000250,0.000032,0.999212,0.000000,0.000096,0.000000
92,0.000000,0.003235,0.000166,0.000863,0.116791,0.006049,0.000015,0.006968,0.021285,0.844628
93,0.000000,0.000702,0.000170,0.965077,0.000000,0.005909,0.000000,0.017731,0.003830,0.006582
94,0.000000,0.978528,0.000337,0.000223,0.000294,0.000005,0.000001,0.000000,0.019079,0.001532
95,0.000000,0.000002,0.000001,0.000000,0.998779,0.000023,0.000461,0.000000,0.000212,0.000520
96,0.000000,0.866883,0.000693,0.020929,0.000767,0.000338,0.000000,0.000907,0.011415,0.098067
97,0.000000,0.000020,0.000030,0.031974,0.000001,0.002605,0.000000,0.926869,0.000169,0.038334
98,0.009822,0.000000,0.000240,0.000000,0.000267,0.000589,0.988903,0.000000,0.000180,0.000000
99,0.000000,0.000374,0.000000,0.000059,0.000092,0.000006,0.000000,0.065358,0.000069,0.934041
100,0.001567,0.000000,0.006926,0.000000,0.000835,0.000284,0.989536,0.000000,0.000852,0.000000
101,0.998071,0.000000,0.000000,0.000000,0.000000,0.001784,0.000145,0.000000,0.000000,0.000000
102,0.004381,0.000000,0.000006,0.002951,0.000015,0.989244,0.000012,0.000666,0.001949,0.000777
103,0.000000,0.000013,0.000001,0.000000,0.998550,0.000015,0.000149,0.000000,0.000120,0.001150
104,0.000000,0.000458,0.000021,0.001069,0.017290,0.004664,0.000001,0.037095,0.002448,0.936954
105,0.000000,0.004360,0.000010,0.000090,0.019831,0.000114,0.000000,0.004705,0.002507,0.968383
106,0.000012,0.000017,0.997856,0.000389,0.000000,0.000039,0.000388,0.000000,0.001298,0.000000
107,0.000000,0.865678,0.015562,0.002238,0.002462,0.000218,0.000106,0.000003,0.111405,0.002327
108,0.000000,0.000155,0.000000,0.000017,0.181242,0.000716,0.000000,0.000535,0.000692,0.816641
109,0.000009,0.000014,0.000043,0.000001,0.990259,0.000838,0.001283,0.000054,0.000750,0.006748
110,0.000000,0.003410,0.004654,0.002607,0.000604,0.006663,0.000339,0.000004,0.980144,0.001574
111,0.000000,0.006366,0.000256,0.074223,0.000001,0.000186,0.000000,0.831058,0.001052,0.086858
112,0.000000,0.000404,0.000752,0.977454,0.000000,0.016396,0.000000,0.002414,0.001743,0.000835
113,0.000000,0.007661,0.000008,0.000170,0.002968,0.000043,0.000000,0.011697,0.001532,0.975922
114,0.000000,0.000071,0.000334,0.016000,0.000002,0.000589,0.000000,0.970370,0.000137,0.012498
115,0.000001,0.000204,0.000084,0.000004,0.979667,0.000675,0.001170,0.000014,0.005479,0.012703
116,0.000000,0.000319,0.000017,0.000004,0.970794,0.000616,0.000350,0.000005,0.006508,0.021387
117,0.000000,0.000027,0.000003,0.000000,0.998666,0.000011,0.000450,0.000000,0.000337,0.000506
118,0.000000,0.002179,0.000055,0.000177,0.114024,0.001078,0.000003,0.008014,0.006203,0.868266
119,0.000002,0.021934,0.606484,0.005565,0.000063,0.000550,0.000124,0.000185,0.364562,0.000530
120,0.000120,0.000000,0.000019,0.102647,0.000004,0.867109,0.000000,0.013578,0.006713,0.009808
121,0.000085,0.000388,0.007934,0.000012,0.853875,0.002372,0.081577,0.000009,0.050870,0.002877
122,0.000000,0.000004,0.000004,0.006565,0.000003,0.001309,0.000000,0.960639,0.000008,0.031467
123,0.000360,0.000000,0.001553,0.000000,0.005207,0.000175,0.992112,0.000000,0.000593,0.000000
124,0.000130,0.000000,0.000001,0.000035,0.608750,0.064255,0.000039,0.032029,0.000363,0.294397
125,0.000000,0.030195,0.000335,0.000557,0.140937,0.001091,0.000009,0.003149,0.024981,0.798747
126,0.973767,0.000000,0.000702,0.000136,0.000000,0.024836,0.000448,0.000012,0.000098,0.000000
127,0.007380,0.000000,0.000012,0.001701,0.000037,0.985754,0.000056,0.000253,0.004221,0.000585
128,0.000000,0.001014,0.002250,0.002823,0.000015,0.001547,0.000004,0.000017,0.991048,0.001282
129,0.005514,0.000000,0.000009,0.004717,0.000010,0.987549,0.000013,0.000626,0.001074,0.000488
130,0.001085,0.000000,0.000283,0.000000,0.007459,0.000323,0.990408,0.000000,0.000442,0.000000
131,0.000714,0.000000,0.000296,0.000000,0.000138,0.000066,0.998511,0.000000,0.000274,0.000000
132,0.006344,0.000000,0.000024,0.008075,0.000005,0.982032,0.000019,0.000409,0.002808,0.000285
133,0.000000,0.000213,0.001308,0.014143,0.000001,0.000311,0.000000,0.970442,0.000684,0.012897
134,0.000000,0.000550,0.001218,0.000264,0.000124,0.001031,0.000053,0.000001,0.996252,0.000508
135,0.000000,0.997281,0.000112,0.000268,0.000016,0.000001,0.000000,0.000001,0.001438,0.000883
136,0.997210,0.000000,0.000000,0.000000,0.000000,0.002246,0.000542,0.000000,0.000001,0.000000
137,0.000000,0.989956,0.000453,0.000350,0.000093,0.000002,0.000000,0.000006,0.006505,0.002635
138,0.000700,0.000000,0.000283,0.000000,0.000614,0.000083,0.998208,0.000000,0.000111,0.000000
139,0.000002,0.003695,0.003473,0.000035,0.714600,0.001351,0.001757,0.000180,0.198304,0.076603
140,0.001350,0.000000,0.001260,0.000001,0.004557,0.001670,0.989650,0.000000,0.001512,0.000000
141,0.000000,0.000000,0.000000,0.001206,0.000000,0.000086,0.000000,0.994865,0.000000,0.003842
142,0.000010,0.000253,0.126350,0.855949,0.000000,0.004168,0.000000,0.007804,0.005409,0.000056
143,0.000000,0.997961,0.000415,0.000275,0.000014,0.000001,0.000000,0.000002,0.000882,0.000451
144,0.000000,0.000253,0.000072,0.005055,0.000002,0.000097,0.000000,0.952053,0.000105,0.042362
145,0.000000,0.990469,0.000789,0.004914,0.000020,0.000012,0.000000,0.000017,0.002112,0.001666
146,0.000000,0.001280,0.005084,0.000870,0.000028,0.000625,0.000012,0.000007,0.991470,0.000623
147,0.000000,0.000278,0.998710,0.000262,0.000000,0.000001,0.000007,0.000000,0.000743,0.000000
148,0.995538,0.000000,0.000001,0.000000,0.000000,0.001988,0.002472,0.000000,0.000001,0.000000
149,0.000002,0.415781,0.110316,0.013388,0.173511,0.013676,0.007379,0.000247,0.225294,0.040405
150,0.000000,0.000957,0.000001,0.000039,0.008658,0.000081,0.000000,0.002032,0.001232,0.987000
151,0.000293,0.000412,0.024384,0.080970,0.000379,0.130159,0.000032,0.152475,0.511718,0.099177
152,0.036185,0.000000,0.000420,0.001318,0.001817,0.931235,0.004876,0.000189,0.022788,0.001171
153,0.013112,0.000000,0.000458,0.004164,0.000195,0.945803,0.001673,0.000086,0.034032,0.000477
154,0.000000,0.965297,0.001592,0.007130,0.000476,0.000061,0.000000,0.000530,0.002506,0.022408
155,0.000787,0.000001,0.000016,0.000774,0.016589,0.962434,0.001236,0.000113,0.010367,0.007682
156,0.000751,0.000001,0.001750,0.000000,0.028552,0.000437,0.968039,0.000000,0.000468,0.000001
157,0.991730,0.000000,0.000001,0.000000,0.000001,0.007268,0.000995,0.000000,0.000004,0.000000
158,0.000013,0.000034,0.062971,0.933734,0.000000,0.002534,0.000000,0.000527,0.000185,0.000001
159,0.000005,0.002671,0.000909,0.000312,0.918020,0.008994,0.002323,0.000286,0.007161,0.059319
160,0.000001,0.000004,0.000017,0.000000,0.979191,0.000215,0.015291,0.000000,0.005021,0.000260
161,0.000781,0.000000,0.000538,0.000000,0.000193,0.000084,0.998321,0.000000,0.000082,0.000000
162,0.010875,0.000000,0.000002,0.001551,0.000002,0.986219,0.000005,0.000275,0.000925,0.000147
163,0.000000,0.000003,0.000000,0.000000,0.997860,0.000015,0.000041,0.000001,0.000062,0.002017
164,0.000888,0.000000,0.001614,0.000000,0.004044,0.000203,0.992757,0.000000,0.000494,0.000000
165,0.000337,0.000001,0.000039,0.009065,0.000631,0.940527,0.000049,0.001456,0.028243,0.019653
166,0.000002,0.000037,0.000018,0.000009,0.876074,0.001862,0.000084,0.001407,0.001623,0.118883
167,0.074394,0.000007,0.007962,0.019796,0.003500,0.877915,0.010534,0.002250,0.002173,0.001469
168,0.000000,0.998783,0.000225,0.000293,0.000003,0.000000,0.000000,0.000000,0.000573,0.000122
169,0.000000,0.000008,0.000001,0.000000,0.991972,0.000451,0.000139,0.000004,0.000266,0.007158
170,0.000001,0.000011,0.000004,0.000002,0.982644,0.001885,0.000388,0.000014,0.001342,0.013711
171,0.000000,0.000093,0.000162,0.019038,0.000000,0.000097,0.000000,0.973706,0.000196,0.006709
172,0.000000,0.001974,0.734504,0.253682,0.000000,0.000342,0.000001,0.000003,0.009494,0.000000
173,0.000000,0.002976,0.003097,0.968703,0.000001,0.012051,0.000000,0.005902,0.004720,0.002549
174,0.000002,0.000135,0.996041,0.000358,0.000000,0.000016,0.000103,0.000000,0.003345,0.000000
175,0.000001,0.003615,0.002340,0.217076,0.000075,0.010339,0.000000,0.646386,0.002144,0.118023
176,0.000000,0.993468,0.001148,0.003238,0.000014,0.000005,0.000000,0.000024,0.001023,0.001080
177,0.000071,0.000099,0.004279,0.000900,0.002963,0.041002,0.002849,0.000021,0.945308,0.002509
178,0.000000,0.998502,0.000125,0.000435,0.000005,0.000000,0.000000,0.000005,0.000297,0.000631
179,0.000000,0.000311,0.004582,0.000260,0.000078,0.001268,0.000231,0.000000,0.993155,0.000115
180,0.000000,0.992019,0.000240,0.002700,0.000011,0.000003,0.000000,0.000081,0.000763,0.004183
181,0.000002,0.000337,0.006073,0.000298,0.000371,0.003288,0.001491,0.000000,0.987980,0.000161
182,0.007171,0.000001,0.000528,0.008490,0.000175,0.960555,0.001150,0.000120,0.021254,0.000557
183,0.998360,0.000000,0.000000,0.000000,0.000000,0.001609,0.000030,0.000000,0.000000,0.000000
184,0.000003,0.009235,0.023221,0.004285,0.003925,0.015715,0.005060,0.000005,0.936934,0.001619
185,0.000000,0.012348,0.000051,0.000045,0.210999,0.000144,0.000002,0.001355,0.006472,0.768584
186,0.000000,0.000303,0.922504,0.075464,0.000000,0.000032,0.000000,0.000002,0.001693,0.000000
187,0.000580,0.000001,0.000186,0.127971,0.000002,0.837252,0.000003,0.005115,0.026494,0.002396
188,0.999531,0.000000,0.000000,0.000000,0.000000,0.000433,0.000036,0.000000,0.000000,0.000000
189,0.000000,0.946535,0.005258,0.034819,0.000101,0.000210,0.000001,0.000129,0.007756,0.005191
190,0.000000,0.948665,0.000940,0.002366,0.000111,0.000011,0.000000,0.000685,0.011774,0.035447
191,0.000000,0.932018,0.002708,0.024128,0.000544,0.000450,0.000002,0.000138,0.021213,0.018800
192,0.989495,0.000000,0.000015,0.000002,0.000000,0.008684,0.001801,0.000000,0.000003,0.000000
193,0.000003,0.003009,0.000542,0.004034,0.216925,0.055212,0.000181,0.004779,0.051397,0.663917
194,0.995718,0.000000,0.000000,0.000000,0.000000,0.004250,0.000031,0.000000,0.000000,0.000000
195,0.000002,0.205922,0.134395,0.432123,0.001501,0.038932,0.000218,0.002804,0.158614,0.025489
196,0.000000,0.975075,0.000585,0.000188,0.001418,0.000010,0.000003,0.000001,0.020315,0.002406
197,0.000699,0.000000,0.000073,0.000000,0.000120,0.000063,0.998956,0.000000,0.000090,0.000000
198,0.000000,0.000009,0.000002,0.000001,0.967731,0.001320,0.000129,0.000032,0.001659,0.029116
199,0.000000,0.000349,0.968807,0.028543,0.000000,0.000019,0.000000,0.000014,0.002267,0.000000
200,0.000000,0.000027,0.004581,0.992972,0.000000,0.000874,0.000000,0.001217,0.000324,0.000005
201,0.000908,0.000000,0.000882,0.000000,0.000450,0.000088,0.997484,0.000000,0.000188,0.000000
202,0.000000,0.992677,0.001017,0.001679,0.000015,0.000003,0.000000,0.000042,0.002376,0.002190
203,0.000000,0.984645,0.001750,0.008682,0.000038,0.000026,0.000000,0.000048,0.002358,0.002453
204,0.000000,0.992683,0.002595,0.001638,0.000055,0.000006,0.000000,0.000026,0.001674,0.001322
205,0.000000,0.002949,0.001524,0.985061,0.000000,0.006436,0.000000,0.001737,0.001347,0.000944
206,0.000000,0.000719,0.000000,0.000045,0.038633,0.000513,0.000000,0.000315,0.005656,0.954117
207,0.004408,0.000001,0.000110,0.002794,0.002013,0.968038,0.000732,0.000558,0.016258,0.005087
208,0.000001,0.000114,0.998393,0.000085,0.000000,0.000004,0.000175,0.000000,0.001229,0.000000
209,0.000000,0.003713,0.000003,0.000799,0.020810,0.001522,0.000000,0.001906,0.001651,0.969598
210,0.000003,0.000005,0.000003,0.000004,0.952129,0.002756,0.000106,0.000320,0.000467,0.044208
211,0.001729,0.000006,0.000414,0.055597,0.000478,0.759567,0.000021,0.120208,0.007404,0.054575
212,0.000000,0.001069,0.000002,0.000661,0.002076,0.000344,0.000000,0.027429,0.000261,0.968158
213,0.000000,0.015337,0.002774,0.959001,0.000000,0.001262,0.000000,0.015913,0.002093,0.003620
214,0.000000,0.003096,0.000003,0.000178,0.007193,0.000261,0.000000,0.001421,0.007430,0.980419
215,0.945832,0.000000,0.000108,0.000016,0.000024,0.051531,0.002140,0.000017,0.000329,0.000003
216,0.000000,0.000260,0.000098,0.985869,0.000000,0.000149,0.000000,0.013405,0.000067,0.000151
217,0.097953,0.000000,0.000193,0.000008,0.005421,0.142084,0.749606,0.000000,0.004732,0.000004
218,0.009468,0.000000,0.000176,0.016937,0.000198,0.928940,0.000038,0.030862,0.003464,0.009915
219,0.009034,0.000000,0.000132,0.014344,0.000028,0.974274,0.000181,0.000258,0.001509,0.000242
220,0.000000,0.000000,0.000000,0.000047,0.000000,0.000039,0.000000,0.959470,0.000000,0.040444
221,0.012820,0.000001,0.975223,0.003900,0.000000,0.003544,0.002142,0.000002,0.002367,0.000000
222,0.000016,0.000007,0.996728,0.000470,0.000000,0.000035,0.000048,0.000000,0.002695,0.000000
223,0.000000,0.000001,0.000001,0.001247,0.000000,0.000020,0.000000,0.993078,0.000001,0.005651
224,0.000000,0.862132,0.060109,0.034695,0.001416,0.000917,0.000028,0.000858,0.026445,0.013400
225,0.000009,0.000027,0.986480,0.009087,0.000000,0.000187,0.000014,0.000001,0.004196,0.000000
226,0.000000,0.000463,0.001638,0.000248,0.000450,0.002166,0.000256,0.000001,0.994136,0.000641
227,0.000009,0.000317,0.000359,0.000044,0.961064,0.005494,0.003486,0.000085,0.006873,0.022268
228,0.000000,0.998160,0.000282,0.000421,0.000006,0.000000,0.000000,0.000006,0.000541,0.000584
229,0.000000,0.000004,0.000003,0.004854,0.000000,0.000185,0.000000,0.984884,0.000005,0.010066
230,0.000004,0.000143,0.003514,0.966821,0.000000,0.011149,0.000000,0.017756,0.000299,0.000314
231,0.000000,0.005916,0.008138,0.971366,0.000000,0.004596,0.000000,0.001157,0.008275,0.000551
232,0.000109,0.000015,0.001279,0.000300,0.002268,0.062672,0.008274,0.000001,0.924538,0.000544
233,0.000000,0.003717,0.012791,0.449269,0.000002,0.008969,0.000000,0.171671,0.310260,0.043321
234,0.000000,0.000014,0.000055,0.046994,0.000000,0.001152,0.000000,0.942657,0.000085,0.009043
235,0.000000,0.001053,0.000007,0.000153,0.007905,0.000145,0.000000,0.048569,0.000298,0.941871
236,0.000003,0.000037,0.999102,0.000252,0.000000,0.000009,0.000160,0.000000,0.000437,0.000000
237,0.000000,0.001859,0.995057,0.000222,0.000000,0.000004,0.000138,0.000000,0.002720,0.000000
238,0.000000,0.000004,0.000001,0.000000,0.999173,0.000009,0.000152,0.000000,0.000092,0.000569
239,0.000000,0.997418,0.000121,0.000898,0.000010,0.000001,0.000000,0.000010,0.000283,0.001258
240,0.000431,0.000001,0.000049,0.020303,0.000061,0.956231,0.000023,0.000941,0.017479,0.004482
241,0.000080,0.000205,0.002488,0.029064,0.001508,0.235249,0.000066,0.011521,0.606630,0.113188
242,0.000000,0.000564,0.001673,0.000071,0.002309,0.000871,0.000151,0.000010,0.990740,0.003611
243,0.000037,0.000066,0.000536,0.039337,0.000252,0.027066,0.000001,0.859944,0.000267,0.072496
244,0.000103,0.003622,0.939919,0.033670,0.000040,0.004373,0.000831,0.000264,0.017083,0.000093
245,0.000024,0.025162,0.091227,0.751257,0.000391,0.098312,0.000359,0.001914,0.026692,0.004662
246,0.998010,0.000000,0.000004,0.000000,0.000000,0.000868,0.001115,0.000000,0.000002,0.000000
247,0.000465,0.000154,0.203628,0.000043,0.003523,0.001226,0.781005,0.000000,0.009954,0.000002
248,0.000000,0.000003,0.000001,0.000000,0.997196,0.000020,0.000071,0.000001,0.000254,0.002454
249,0.000000,0.044556,0.945301,0.005832,0.000000,0.000006,0.000006,0.000000,0.004299,0.000000
250,0.000000,0.000109,0.000001,0.000003,0.855167,0.000563,0.000014,0.000025,0.004456,0.139664
251,0.000000,0.826735,0.015118,0.076740,0.001005,0.002335,0.000014,0.000443,0.054199,0.023410
252,0.000000,0.000347,0.000000,0.000015,0.011332,0.000043,0.000000,0.002130,0.000160,0.985972
253,0.004160,0.000000,0.000038,0.004854,0.000097,0.986828,0.000149,0.000221,0.002919,0.000734
254,0.000000,0.000000,0.000000,0.001290,0.000000,0.000044,0.000000,0.993971,0.000001,0.004694
255,0.000000,0.000017,0.000013,0.016843,0.000000,0.000379,0.000000,0.965576,0.000032,0.017139
256,0.000000,0.094773,0.808202,0.086097,0.000000,0.000018,0.000000,0.000006,0.010902,0.000002
257,0.000002,0.009532,0.035168,0.002553,0.001337,0.006594,0.006558,0.000001,0.937941,0.000314
258,0.000005,0.000014,0.999101,0.000050,0.000000,0.000005,0.000392,0.000000,0.000433,0.000000
259,0.955442,0.000000,0.000102,0.000021,0.000008,0.040609,0.003774,0.000002,0.000042,0.000000
260,0.000000,0.000382,0.002790,0.001375,0.000046,0.002853,0.000026,0.000011,0.991599,0.000917
261,0.004843,0.000010,0.005111,0.142945,0.000040,0.811796,0.000185,0.004174,0.029105,0.001791
262,0.000000,0.000000,0.000000,0.000631,0.000000,0.000048,0.000000,0.995940,0.000000,0.003381
263,0.000000,0.000001,0.000000,0.001063,0.000000,0.000020,0.000000,0.990447,0.000001,0.008468
264,0.000000,0.123381,0.000195,0.010358,0.021074,0.004542,0.000003,0.001486,0.054589,0.784373
265,0.000000,0.998880,0.000104,0.000232,0.000002,0.000000,0.000000,0.000001,0.000583,0.000198
266,0.000812,0.000016,0.003178,0.000258,0.008661,0.114569,0.103544,0.000001,0.768662,0.000300
267,0.000000,0.996903,0.000055,0.000287,0.000030,0.000001,0.000000,0.000006,0.000432,0.002288
268,0.000017,0.000313,0.001917,0.007919,0.001864,0.094314,0.000205,0.000396,0.867996,0.025059
269,0.994310,0.000000,0.000014,0.000003,0.000000,0.005404,0.000269,0.000000,0.000001,0.000000
270,0.000001,0.000111,0.001714,0.975087,0.000000,0.016762,0.000000,0.000984,0.005155,0.000187
271,0.992317,0.000000,0.000002,0.000000,0.000001,0.005832,0.001843,0.000000,0.000005,0.000000
272,0.000000,0.996476,0.000142,0.001219,0.000010,0.000002,0.000000,0.000011,0.000544,0.001597
273,0.000000,0.005866,0.000023,0.002450,0.000043,0.000081,0.000000,0.122782,0.007813,0.860941
274,0.000000,0.001016,0.000005,0.000916,0.000035,0.000041,0.000000,0.321798,0.000464,0.675726
275,0.000000,0.000036,0.000003,0.000000,0.978407,0.000079,0.000043,0.000011,0.001168,0.020253
276,0.000000,0.998702,0.000088,0.000195,0.000004,0.000000,0.000000,0.000001,0.000550,0.000458
277,0.000000,0.002260,0.001498,0.001104,0.000347,0.001606,0.000010,0.000077,0.982409,0.010689
278,0.000047,0.000026,0.989625,0.000457,0.000000,0.000107,0.000334,0.000001,0.009403,0.000000
279,0.000000,0.996317,0.000258,0.001633,0.000010,0.000002,0.000000,0.000029,0.000263,0.001488
280,0.000000,0.042352,0.945753,0.001512,0.000000,0.000002,0.000007,0.000000,0.010375,0.000000
281,0.000000,0.005210,0.000001,0.000034,0.004577,0.000015,0.000000,0.001997,0.001208,0.986959
282,0.000001,0.002478,0.010779,0.187782,0.000003,0.002253,0.000000,0.768717,0.005232,0.022755
283,0.006274,0.000000,0.000019,0.018730,0.000032,0.929076,0.000004,0.041002,0.000277,0.004585
284,0.000000,0.000555,0.000002,0.000038,0.014519,0.000083,0.000000,0.018301,0.000351,0.966152
285,0.000003,0.000006,0.999509,0.000138,0.000000,0.000005,0.000161,0.000000,0.000177,0.000000
286,0.000621,0.000000,0.001945,0.000001,0.000420,0.001084,0.991631,0.000000,0.004299,0.000000
287,0.000001,0.000099,0.000012,0.000017,0.933459,0.001767,0.000094,0.000440,0.000343,0.063769
288,0.000000,0.968781,0.000885,0.000927,0.000723,0.000027,0.000001,0.000006,0.022632,0.006017
289,0.001099,0.000027,0.000794,0.006540,0.017460,0.905732,0.006366,0.000170,0.052409,0.009403
290,0.000017,0.000367,0.000613,0.000146,0.657187,0.053374,0.034989,0.000004,0.240562,0.012740
291,0.000000,0.004059,0.892074,0.093166,0.000000,0.000315,0.000012,0.000001,0.010373,0.000000
292,0.000000,0.000290,0.000001,0.000048,0.002553,0.000049,0.000000,0.044648,0.000172,0.952238
293,0.000005,0.000179,0.994787,0.000096,0.000001,0.000018,0.001522,0.000000,0.003392,0.000000
294,0.997386,0.000000,0.000000,0.000000,0.000000,0.002440,0.000173,0.000000,0.000001,0.000000
295,0.000000,0.000127,0.000002,0.000002,0.976012,0.000377,0.000071,0.000007,0.000704,0.022698
296,0.999775,0.000000,0.000000,0.000000,0.000000,0.000219,0.000006,0.000000,0.000000,0.000000
297,0.997428,0.000000,0.000001,0.000000,0.000000,0.002394,0.000177,0.000000,0.000000,0.000000
298,0.000000,0.007907,0.965167,0.021194,0.000000,0.000023,0.000002,0.000000,0.005706,0.000000
299,0.000001,0.002301,0.008402,0.013646,0.000056,0.009734,0.000052,0.000025,0.964339,0.001443
300,0.000029,0.063692,0.114321,0.002514,0.556939,0.018016,0.114412,0.000039,0.121160,0.008878
301,0.000001,0.000003,0.000063,0.007998,0.000000,0.000884,0.000000,0.985185,0.000040,0.005825
302,0.000000,0.999195,0.000096,0.000182,0.000004,0.000000,0.000000,0.000001,0.000311,0.000212
303,0.000063,0.009804,0.931753,0.011431,0.000481,0.002987,0.000975,0.001102,0.040576,0.000829
304,0.000000,0.000158,0.000024,0.000010,0.924884,0.003051,0.000506,0.000021,0.021842,0.049502
305,0.994975,0.000000,0.000003,0.000000,0.000000,0.004755,0.000262,0.000000,0.000004,0.000000
306,0.000000,0.008982,0.970201,0.017823,0.000000,0.000011,0.000001,0.000000,0.002981,0.000000
307,0.000000,0.000110,0.000033,0.009310,0.000000,0.000109,0.000000,0.957410,0.000139,0.032888
308,0.000000,0.000009,0.000023,0.000000,0.970644,0.000142,0.012164,0.000000,0.016648,0.000370
309,0.000000,0.000329,0.003672,0.993977,0.000000,0.001472,0.000000,0.000213,0.000326,0.000010
310,0.000000,0.007111,0.001148,0.983137,0.000000,0.002523,0.000000,0.002488,0.002000,0.001594
311,0.998541,0.000000,0.000001,0.000000,0.000000,0.000899,0.000559,0.000000,0.000001,0.000000
312,0.989691,0.000000,0.000002,0.000000,0.000002,0.004363,0.005936,0.000000,0.000006,0.000000
313,0.000047,0.000009,0.000153,0.548856,0.000003,0.425936,0.000001,0.017056,0.002480,0.005459
314,0.000000,0.998828,0.000066,0.000258,0.000006,0.000000,0.000000,0.000001,0.000417,0.000424
315,0.000000,0.004738,0.000023,0.000306,0.000594,0.000047,0.000000,0.054905,0.004650,0.934736
316,0.000284,0.000000,0.000091,0.000000,0.009941,0.000951,0.988080,0.000000,0.000653,0.000000
317,0.033041,0.000000,0.000024,0.000371,0.025938,0.925094,0.001308,0.003757,0.001539,0.008928
318,0.018230,0.000014,0.689990,0.163729,0.000001,0.111279,0.002613,0.000047,0.014094,0.000003
319,0.001450,0.000001,0.000063,0.002818,0.001886,0.964299,0.000517,0.000271,0.022943,0.005753
320,0.000000,0.352322,0.000212,0.033444,0.000146,0.000190,0.000000,0.049653,0.004672,0.559361
321,0.000002,0.000323,0.011225,0.500083,0.000000,0.003913,0.000000,0.473273,0.007327,0.003855
322,0.000000,0.001359,0.000000,0.000394,0.002816,0.000272,0.000000,0.004928,0.000249,0.989981
323,0.000000,0.004484,0.002360,0.991079,0.000000,0.000372,0.000000,0.000533,0.001091,0.000081
324,0.118794,0.000002,0.003374,0.007491,0.006014,0.829229,0.003464,0.016892,0.006423,0.008317
325,0.000000,0.001793,0.000354,0.000019,0.909889,0.001082,0.000899,0.000042,0.034830,0.051092
326,0.000006,0.000203,0.965422,0.000105,0.000002,0.000064,0.027737,0.000000,0.006462,0.000000
327,0.996078,0.000000,0.000000,0.000000,0.000000,0.003023,0.000898,0.000000,0.000001,0.000000
328,0.000000,0.000055,0.000041,0.009231,0.000000,0.000148,0.000000,0.971355,0.000109,0.019060
329,0.000000,0.997218,0.000121,0.000583,0.000014,0.000001,0.000000,0.000009,0.000485,0.001570
330,0.000000,0.997058,0.000132,0.000604,0.000023,0.000001,0.000000,0.000009,0.000475,0.001698
331,0.000000,0.002519,0.993107,0.001198,0.000000,0.000003,0.000008,0.000000,0.003165,0.000000
332,0.000000,0.997271,0.000056,0.000542,0.000005,0.000000,0.000000,0.000022,0.000155,0.001947
333,0.002238,0.000000,0.000152,0.017771,0.000016,0.946959,0.000040,0.000702,0.030918,0.001204
334,0.000000,0.000308,0.001315,0.996774,0.000000,0.000601,0.000000,0.000777,0.000204,0.000022
335,0.000000,0.004730,0.022057,0.962701,0.000000,0.001957,0.000000,0.000653,0.007774,0.000127
336,0.000000,0.000541,0.000002,0.000020,0.033196,0.000084,0.000000,0.006717,0.000660,0.958780
337,0.000000,0.000000,0.000000,0.001328,0.000000,0.000030,0.000000,0.993177,0.000000,0.005465
338,0.000012,0.000063,0.002511,0.000236,0.000731,0.009586,0.001774,0.000001,0.984676,0.000411
339,0.000953,0.000000,0.000536,0.000000,0.000165,0.000101,0.997870,0.000000,0.000374,0.000000
340,0.000058,0.004138,0.038420,0.806108,0.000115,0.126003,0.000091,0.007146,0.013109,0.004812
341,0.003634,0.000027,0.004877,0.000036,0.615392,0.021338,0.348408,0.000013,0.005511,0.000764
342,0.000000,0.997480,0.000083,0.000495,0.000008,0.000001,0.000000,0.000004,0.000723,0.001205
343,0.000000,0.001338,0.001800,0.989444,0.000000,0.004036,0.000000,0.000518,0.002665,0.000198
344,0.000019,0.000395,0.001741,0.003945,0.007147,0.127617,0.001991,0.000029,0.847572,0.009545
345,0.000000,0.992344,0.000022,0.000729,0.000008,0.000001,0.000000,0.000036,0.000342,0.006518
346,0.986704,0.000000,0.000067,0.000003,0.000000,0.011096,0.002092,0.000000,0.000037,0.000000
347,0.000375,0.000002,0.000060,0.002502,0.002293,0.877318,0.000427,0.000133,0.106595,0.010295
348,0.000000,0.996569,0.000803,0.000180,0.000021,0.000001,0.000000,0.000000,0.002230,0.000196
349,0.000000,0.001055,0.004101,0.639889,0.000000,0.001489,0.000000,0.345035,0.003199,0.005232
350,0.000000,0.990896,0.000104,0.004003,0.000007,0.000004,0.000000,0.000046,0.000692,0.004248
351,0.004036,0.000000,0.000008,0.003912,0.000006,0.987710,0.000009,0.000495,0.003259,0.000566
352,0.210402,0.000000,0.000186,0.012097,0.000001,0.773967,0.000030,0.002087,0.001175,0.000056
353,0.002438,0.000000,0.001712,0.000000,0.002098,0.000400,0.989710,0.000000,0.003641,0.000000
354,0.000000,0.987164,0.002108,0.001610,0.000021,0.000004,0.000000,0.000053,0.006373,0.002667
355,0.000001,0.000497,0.000886,0.000054,0.011066,0.003002,0.002511,0.000000,0.980593,0.001390
356,0.003125,0.000000,0.000002,0.000991,0.000072,0.994097,0.000035,0.000169,0.000916,0.000592
357,0.000000,0.884617,0.016019,0.076802,0.000174,0.000492,0.000001,0.001349,0.008160,0.012385
358,0.000000,0.000088,0.000003,0.003523,0.002051,0.006349,0.000000,0.261727,0.000103,0.726155
359,0.000000,0.007460,0.000011,0.000063,0.095934,0.000305,0.000001,0.000299,0.024721,0.871207
360,0.000000,0.000967,0.000227,0.000006,0.989118,0.000318,0.001568,0.000008,0.001350,0.006438
361,0.000369,0.000000,0.000117,0.000000,0.001073,0.000069,0.998246,0.000000,0.000126,0.000000
362,0.000154,0.000681,0.245791,0.551045,0.000002,0.027488,0.000005,0.095696,0.076590,0.002549
363,0.000000,0.077890,0.913649,0.002244,0.000000,0.000004,0.000029,0.000000,0.006184,0.000000
364,0.025047,0.000000,0.000166,0.007027,0.000004,0.954913,0.000090,0.000254,0.012353,0.000146
365,0.991046,0.000000,0.000003,0.000000,0.000000,0.005825,0.003119,0.000000,0.000008,0.000000
366,0.006128,0.000019,0.060821,0.000048,0.008909,0.006671,0.908849,0.000000,0.008547,0.000008
367,0.004042,0.000001,0.000324,0.016798,0.000085,0.962725,0.000198,0.000609,0.013938,0.001281
368,0.002598,0.000000,0.000435,0.000000,0.000598,0.001204,0.994258,0.000000,0.000907,0.000000
369,0.000000,0.000513,0.003321,0.980632,0.000000,0.008662,0.000000,0.003983,0.002442,0.000445
370,0.000000,0.000001,0.000000,0.001220,0.000000,0.000023,0.000000,0.991626,0.000000,0.007130
371,0.000000,0.008419,0.979340,0.010224,0.000000,0.000017,0.000015,0.000000,0.001986,0.000000
372,0.977950,0.000000,0.000268,0.000049,0.000000,0.021027,0.000644,0.000002,0.000060,0.000000
373,0.000001,0.001179,0.045777,0.015258,0.000007,0.004691,0.000031,0.000032,0.932701,0.000323
374,0.000000,0.002212,0.005545,0.000639,0.000159,0.000880,0.000063,0.000005,0.989619,0.000879
375,0.008402,0.000000,0.000005,0.001198,0.000031,0.986964,0.000031,0.000344,0.002452,0.000574
376,0.000000,0.000049,0.000001,0.000018,0.816756,0.003619,0.000022,0.000377,0.000697,0.178460
377,0.000000,0.995188,0.000211,0.001050,0.000023,0.000002,0.000000,0.000027,0.000656,0.002843
378,0.000000,0.999043,0.000070,0.000238,0.000005,0.000000,0.000000,0.000002,0.000197,0.000445
379,0.000000,0.000005,0.000000,0.000000,0.989885,0.000218,0.000058,0.000007,0.000229,0.009597
380,0.994365,0.000000,0.000001,0.000000,0.000000,0.003739,0.001888,0.000000,0.000005,0.000000
381,0.000007,0.000470,0.002826,0.276145,0.000012,0.012510,0.000000,0.689583,0.000403,0.018043
382,0.000000,0.002732,0.000107,0.987221,0.000000,0.001627,0.000000,0.004168,0.001101,0.003046
383,0.000000,0.000001,0.000001,0.003444,0.000000,0.000239,0.000000,0.988381,0.000003,0.007931
384,0.000264,0.000000,0.000579,0.000000,0.000371,0.000037,0.998585,0.000000,0.000163,0.000000
385,0.000000,0.998527,0.000262,0.000582,0.000003,0.000000,0.000000,0.000003,0.000335,0.000288
386,0.134371,0.000000,0.001580,0.000059,0.009241,0.144440,0.707411,0.000001,0.002882,0.000015
387,0.000033,0.002454,0.980710,0.001676,0.000061,0.000462,0.002503,0.000011,0.012077,0.000013
388,0.000000,0.993623,0.000924,0.001911,0.000008,0.000002,0.000000,0.000028,0.002074,0.001430
389,0.000000,0.000731,0.000012,0.000690,0.051709,0.007652,0.000002,0.004330,0.008895,0.925979
390,0.000024,0.000062,0.996469,0.000421,0.000000,0.000042,0.000183,0.000001,0.002797,0.000000
391,0.001610,0.000015,0.108691,0.003430,0.000033,0.044387,0.004329,0.000012,0.837440,0.000052
392,0.000364,0.000000,0.000650,0.000000,0.000994,0.000078,0.997723,0.000000,0.000190,0.000000
393,0.000000,0.990005,0.000179,0.001758,0.000024,0.000003,0.000000,0.000128,0.000587,0.007316
394,0.000000,0.000191,0.000008,0.000298,0.011132,0.001391,0.000000,0.058983,0.001171,0.926826
395,0.000622,0.000002,0.000107,0.003930,0.001375,0.905088,0.000567,0.000127,0.082328,0.005854
396,0.000001,0.000328,0.998319,0.000354,0.000000,0.000006,0.000057,0.000000,0.000934,0.000000
397,0.004714,0.000000,0.000107,0.007302,0.000070,0.975962,0.000179,0.000279,0.010569,0.000819
398,0.000000,0.000004,0.000001,0.000000,0.993813,0.000242,0.000129,0.000006,0.000198,0.005607
399,0.000000,0.000089,0.000025,0.000000,0.995180,0.000054,0.000359,0.000005,0.000406,0.003881
400,0.001875,0.000001,0.994066,0.000696,0.000000,0.000408,0.000702,0.000001,0.002251,0.000000
401,0.000000,0.002054,0.006075,0.003330,0.000164,0.005006,0.000113,0.000010,0.981965,0.001283
402,0.000000,0.004017,0.002930,0.991034,0.000000,0.000651,0.000000,0.000579,0.000701,0.000088
403,0.000091,0.001844,0.025737,0.006664,0.013599,0.053407,0.001227,0.002384,0.846227,0.048820
404,0.000003,0.001141,0.903994,0.080436,0.000000,0.000482,0.000004,0.000113,0.013823,0.000005
405,0.000000,0.000085,0.000003,0.000000,0.986888,0.000048,0.000035,0.000007,0.000233,0.012701
406,0.014069,0.000000,0.000018,0.000137,0.014422,0.948437,0.004602,0.000077,0.015860,0.002378
407,0.997759,0.000000,0.000000,0.000000,0.000000,0.002191,0.000049,0.000000,0.000001,0.000000
408,0.000000,0.003748,0.007058,0.983451,0.000000,0.001431,0.000000,0.000782,0.003391,0.000138
409,0.000000,0.987442,0.000508,0.001344,0.000117,0.000011,0.000000,0.000007,0.007234,0.003336
410,0.000000,0.000000,0.000000,0.000107,0.000000,0.000043,0.000000,0.994164,0.000000,0.005686
411,0.000000,0.000102,0.000016,0.020007,0.000000,0.000114,0.000000,0.955119,0.000087,0.024554
412,0.000030,0.000007,0.000144,0.451483,0.000002,0.488734,0.000000,0.023589,0.023305,0.012704
413,0.000000,0.000000,0.000000,0.000117,0.000000,0.000020,0.000000,0.995846,0.000000,0.004017
414,0.000000,0.019381,0.000035,0.001386,0.011993,0.000692,0.000000,0.005911,0.005955,0.954645
415,0.000000,0.000000,0.000000,0.000054,0.000000,0.000163,0.000000,0.985406,0.000000,0.014377
416,0.000000,0.996962,0.000278,0.000174,0.000043,0.000001,0.000000,0.000001,0.001961,0.000580
417,0.000000,0.000199,0.000003,0.000328,0.003400,0.000779,0.000000,0.040846,0.000777,0.953668
418,0.000018,0.000035,0.997637,0.000443,0.000000,0.000037,0.000203,0.000000,0.001627,0.000000
419,0.000000,0.995434,0.000451,0.002514,0.000008,0.000002,0.000000,0.000020,0.000509,0.001061
420,0.000057,0.000266,0.000695,0.000162,0.859166,0.014278,0.001434,0.003012,0.008713,0.112218
421,0.012766,0.000003,0.830514,0.119172,0.000000,0.032562,0.000394,0.000045,0.004543,0.000000
422,0.000000,0.000421,0.000001,0.000044,0.018792,0.000265,0.000000,0.001977,0.001592,0.976908
423,0.000001,0.000059,0.999070,0.000470,0.000000,0.000006,0.000039,0.000000,0.000354,0.000000
424,0.994708,0.000000,0.000000,0.000000,0.000000,0.004709,0.000581,0.000000,0.000001,0.000000
425,0.000016,0.000079,0.000874,0.000001,0.953751,0.000657,0.031739,0.000002,0.011613,0.001268
