id,c0,c1,c2,c3,c4,c5,c6,c7,c8,c9
0,0.000000,0.000000,0.000001,0.001749,0.000000,0.000115,0.000000,0.994873,0.000001,0.003262
1,0.000002,0.000352,0.984453,0.010483,0.000000,0.000313,0.000339,0.000000,0.004058,0.000000
2,0.000000,0.990809,0.002510,0.000963,0.000385,0.000011,0.000001,0.000020,0.002788,0.002514
3,0.995462,0.000000,0.000005,0.000000,0.000000,0.003823,0.000707,0.000000,0.000002,0.000000
4,0.000000,0.000127,0.000006,0.000001,0.952227,0.000108,0.000027,0.000064,0.000766,0.046673
5,0.000000,0.991012,0.000170,0.000594,0.000045,0.000001,0.000000,0.000071,0.000801,0.007306
6,0.000000,0.000003,0.000001,0.000000,0.994096,0.000576,0.001382,0.000000,0.002298,0.001644
7,0.000000,0.015804,0.000047,0.003891,0.009978,0.001739,0.000000,0.012748,0.003787,0.952007
8,0.000057,0.000103,0.000741,0.000025,0.920745,0.010386,0.018314,0.000026,0.038867,0.010737
9,0.000000,0.000258,0.000000,0.000013,0.029554,0.000096,0.000000,0.003860,0.000735,0.965483
10,0.996924,0.000000,0.000000,0.000000,0.000000,0.002867,0.000209,0.000000,0.000001,0.000000
11,0.001891,0.000000,0.000346,0.000000,0.003394,0.000624,0.992170,0.000000,0.001574,0.000000
12,0.000000,0.000734,0.000001,0.000027,0.015217,0.000071,0.000000,0.003260,0.000595,0.980096
13,0.995897,0.000000,0.000000,0.000000,0.000000,0.003872,0.000229,0.000000,0.000001,0.000000
14,0.000000,0.999257,0.000021,0.000142,0.000002,0.000000,0.000000,0.000001,0.000146,0.000431
15,0.001474,0.000007,0.000677,0.053288,0.000211,0.911188,0.000124,0.003542,0.022786,0.006702
16,0.000000,0.000790,0.000002,0.000020,0.025688,0.000062,0.000000,0.006724,0.000917,0.965797
17,0.000000,0.000000,0.000002,0.008073,0.000000,0.000185,0.000000,0.990276,0.000001,0.001462
18,0.000000,0.057586,0.124521,0.781105,0.000002,0.003901,0.000006,0.000240,0.032353,0.000286
19,0.000000,0.000013,0.000001,0.000000,0.996494,0.000097,0.000153,0.000001,0.000170,0.003071
20,0.000000,0.000006,0.000000,0.000152,0.006739,0.003666,0.000000,0.068067,0.000226,0.921144
21,0.010725,0.000000,0.000030,0.000000,0.001943,0.003045,0.984061,0.000000,0.000195,0.000000
22,0.002348,0.000001,0.002159,0.000000,0.025623,0.000891,0.967822,0.000000,0.001155,0.000002
23,0.029912,0.000000,0.000009,0.000420,0.000219,0.967775,0.000625,0.000051,0.000831,0.000157
24,0.000004,0.000013,0.000014,0.000003,0.986613,0.001228,0.000477,0.000083,0.000329,0.011238
25,0.990166,0.000000,0.000001,0.000000,0.000004,0.005199,0.004624,0.000000,0.000006,0.000000
26,0.000000,0.000000,0.000000,0.000310,0.000000,0.000157,0.000000,0.988948,0.000000,0.010585
27,0.000000,0.000005,0.000000,0.000000,0.996833,0.000040,0.000065,0.000001,0.000183,0.002874
28,0.999320,0.000000,0.000000,0.000000,0.000000,0.000545,0.000134,0.000000,0.000000,0.000000
29,0.000000,0.993945,0.000485,0.001420,0.000047,0.000007,0.000000,0.000003,0.002950,0.001144
30,0.000000,0.000598,0.000143,0.991028,0.000000,0.000756,0.000000,0.006855,0.000137,0.000482
31,0.000000,0.979881,0.000495,0.004272,0.000258,0.000034,0.000000,0.000080,0.002648,0.012332
16,0.000000,0.000450,0.000107,0.996430,0.000000,0.000855,0.000000,0.001629,0.000277,0.000253
17,0.108542,0.000000,0.000861,0.000007,0.252721,0.050942,0.584358,0.000009,0.002418,0.000142
18,0.000000,0.000012,0.000016,0.007161,0.000000,0.000067,0.000000,0.985874,0.000043,0.006826
19,0.000000,0.000372,0.995134,0.002528,0.000000,0.000010,0.000005,0.000000,0.001950,0.000000
20,0.000000,0.000016,0.000009,0.005719,0.000000,0.000115,0.000000,0.978107,0.000022,0.016012
21,0.000000,0.995483,0.000092,0.000370,0.000063,0.000002,0.000000,0.000004,0.001355,0.002631
22,0.000135,0.000733,0.766960,0.147648,0.000002,0.022684,0.001038,0.000013,0.060778,0.000010
23,0.000000,0.993606,0.000059,0.000138,0.000163,0.000001,0.000000,0.000001,0.003274,0.002757
24,0.000000,0.993437,0.002059,0.002095,0.000045,0.000007,0.000000,0.000016,0.001336,0.001005
25,0.000000,0.000025,0.000009,0.006329,0.000000,0.000108,0.000000,0.977818,0.000010,0.015701
26,0.000000,0.000080,0.000006,0.000000,0.980369,0.000124,0.000105,0.000005,0.002761,0.016549
27,0.000011,0.003375,0.956402,0.000676,0.000052,0.000287,0.017517,0.000000,0.021680,0.000001
28,0.000000,0.004894,0.004330,0.970968,0.000002,0.013327,0.000001,0.002211,0.002728,0.001539
29,0.003721,0.000000,0.000178,0.007639,0.000202,0.978463,0.000679,0.000100,0.008387,0.000631
30,0.000000,0.987426,0.000270,0.007462,0.000006,0.000008,0.000000,0.000029,0.001938,0.002859
31,0.000012,0.000665,0.966874,0.000107,0.000016,0.000069,0.025110,0.000000,0.007147,0.000000
32,0.000000,0.000010,0.000000,0.000000,0.992286,0.000064,0.000050,0.000000,0.001762,0.005828
33,0.000000,0.000103,0.000007,0.000000,0.992117,0.000025,0.000074,0.000003,0.000490,0.007181
34,0.017965,0.000000,0.000219,0.000000,0.000117,0.001242,0.980384,0.000000,0.000072,0.000000
35,0.000000,0.000842,0.000388,0.993613,0.000000,0.000334,0.000000,0.004453,0.000195,0.000174
36,0.009879,0.000000,0.000042,0.001847,0.000951,0.983582,0.000701,0.000271,0.001662,0.001066
37,0.000648,0.000010,0.000144,0.012804,0.006875,0.903359,0.000197,0.006597,0.012700,0.056666
38,0.000062,0.000000,0.002871,0.000000,0.000044,0.000008,0.996573,0.000000,0.000442,0.000000
39,0.954058,0.000000,0.000010,0.000000,0.000002,0.007861,0.037982,0.000000,0.000086,0.000000
40,0.000000,0.000002,0.000000,0.000000,0.998340,0.000033,0.000129,0.000000,0.000226,0.001271
41,0.000000,0.991836,0.000307,0.001287,0.000032,0.000002,0.000000,0.000091,0.000850,0.005595
42,0.000000,0.000457,0.000000,0.000016,0.024433,0.000050,0.000000,0.004958,0.000189,0.969896
43,0.002417,0.000003,0.000121,0.016535,0.003025,0.535581,0.000022,0.339621,0.000931,0.101744
44,0.000000,0.000000,0.000000,0.000475,0.000000,0.000061,0.000000,0.996423,0.000000,0.003041
45,0.000000,0.003234,0.023241,0.001384,0.000065,0.000784,0.000052,0.000016,0.970559,0.000665
46,0.000001,0.000244,0.000038,0.000314,0.257150,0.013172,0.000024,0.010014,0.007374,0.711668
47,0.000000,0.051866,0.029885,0.911104,0.000000,0.000199,0.000000,0.002084,0.004617,0.000246
32,0.000000,0.000006,0.000005,0.002511,0.000000,0.000073,0.000000,0.986255,0.000012,0.011138
33,0.000004,0.000320,0.000101,0.000137,0.932662,0.025437,0.003932,0.000026,0.010176,0.027205
34,0.022623,0.000029,0.090460,0.000112,0.036358,0.017919,0.819429,0.000006,0.012992,0.000072
35,0.000000,0.000022,0.000002,0.000000,0.995485,0.000020,0.000060,0.000002,0.000212,0.004196
36,0.000000,0.000612,0.000055,0.990326,0.000000,0.000477,0.000000,0.006967,0.000580,0.000984
37,0.998152,0.000000,0.000001,0.000000,0.000000,0.001434,0.000413,0.000000,0.000001,0.000000
38,0.000000,0.000000,0.000000,0.002109,0.000000,0.000120,0.000000,0.996040,0.000000,0.001730
39,0.998923,0.000000,0.000000,0.000000,0.000000,0.000925,0.000152,0.000000,0.000000,0.000000
40,0.000099,0.000002,0.994894,0.004559,0.000000,0.000153,0.000048,0.000000,0.000244,0.000000
41,0.000000,0.001764,0.000005,0.000786,0.000072,0.000062,0.000000,0.103048,0.002607,0.891658
42,0.000000,0.988341,0.000118,0.000279,0.000426,0.000004,0.000000,0.000003,0.004790,0.006038
43,0.000000,0.000001,0.000001,0.001619,0.000000,0.000254,0.000000,0.985223,0.000004,0.012898
44,0.000000,0.021302,0.001047,0.970406,0.000000,0.001770,0.000000,0.000941,0.002919,0.001613
45,0.000076,0.007021,0.932173,0.004812,0.000617,0.002222,0.002482,0.000278,0.049941,0.000379
46,0.000000,0.011786,0.000015,0.000209,0.090939,0.000770,0.000001,0.000496,0.020028,0.875756
47,0.000000,0.000000,0.000000,0.000243,0.000000,0.000030,0.000000,0.994813,0.000001,0.004914
48,0.000000,0.000000,0.000000,0.000223,0.000137,0.001382,0.000000,0.787274,0.000002,0.210983
49,0.003974,0.000000,0.000435,0.000000,0.006052,0.000937,0.988123,0.000000,0.000478,0.000000
50,0.000000,0.000074,0.999133,0.000287,0.000000,0.000002,0.000006,0.000000,0.000500,0.000000
51,0.000000,0.000000,0.000000,0.000074,0.000002,0.000113,0.000000,0.960041,0.000000,0.039770
52,0.000001,0.000497,0.000861,0.000131,0.010471,0.006131,0.001549,0.000001,0.977511,0.002847
53,0.000000,0.000001,0.000000,0.000000,0.998998,0.000017,0.000075,0.000000,0.000159,0.000749
54,0.000000,0.000001,0.000001,0.001158,0.000000,0.000033,0.000000,0.993760,0.000003,0.005045
55,0.000000,0.000087,0.000089,0.934079,0.000001,0.043476,0.000000,0.017432,0.000386,0.004451
56,0.000181,0.000000,0.000288,0.000000,0.002691,0.000050,0.996644,0.000000,0.000146,0.000000
57,0.000000,0.990918,0.000794,0.000245,0.000874,0.000005,0.000001,0.000005,0.004025,0.003134
58,0.000000,0.001211,0.003779,0.991161,0.000000,0.000979,0.000000,0.000757,0.002039,0.000075
59,0.000166,0.000000,0.000155,0.000000,0.000298,0.000030,0.999270,0.000000,0.000080,0.000000
60,0.000000,0.002799,0.000078,0.000334,0.190827,0.003352,0.000013,0.003412,0.015484,0.783703
61,0.000000,0.001230,0.000170,0.954533,0.000000,0.007012,0.000000,0.018889,0.005943,0.012222
62,0.000000,0.979278,0.000237,0.000143,0.000507,0.000004,0.000001,0.000000,0.017978,0.001852
63,0.000000,0.000002,0.000001,0.000000,0.998961,0.000018,0.000385,0.000000,0.000165,0.000467
48,0.000000,0.903367,0.000391,0.008595,0.000988,0.000161,0.000000,0.000362,0.008679,0.077457
49,0.000000,0.000013,0.000018,0.021668,0.000002,0.002363,0.000000,0.932843,0.000130,0.042963
50,0.005054,0.000000,0.000185,0.000000,0.000421,0.000419,0.993742,0.000000,0.000180,0.000000
51,0.000000,0.000359,0.000000,0.000048,0.000093,0.000005,0.000000,0.055098,0.000058,0.944338
52,0.001037,0.000000,0.003774,0.000000,0.001109,0.000202,0.993229,0.000000,0.000650,0.000000
53,0.998239,0.000000,0.000000,0.000000,0.000000,0.001588,0.000173,0.000000,0.000000,0.000000
54,0.004586,0.000000,0.000006,0.002400,0.000018,0.989728,0.000017,0.000442,0.002149,0.000655
55,0.000000,0.000010,0.000001,0.000000,0.998910,0.000009,0.000116,0.000000,0.000086,0.000867
56,0.000000,0.000453,0.000011,0.000554,0.020142,0.002558,0.000000,0.024645,0.001781,0.949855
57,0.000000,0.005372,0.000007,0.000065,0.022972,0.000077,0.000000,0.003180,0.002137,0.966189
58,0.000006,0.000029,0.997775,0.000302,0.000000,0.000026,0.000375,0.000000,0.001487,0.000000
59,0.000000,0.886188,0.008590,0.000863,0.005048,0.000129,0.000124,0.000002,0.096689,0.002367
60,0.000000,0.000184,0.000000,0.000011,0.266390,0.000537,0.000000,0.000310,0.000692,0.731876
61,0.000004,0.000011,0.000024,0.000001,0.993587,0.000423,0.001000,0.000023,0.000497,0.004431
62,0.000000,0.003177,0.002663,0.001103,0.001249,0.004756,0.000417,0.000002,0.984865,0.001768
63,0.000000,0.003550,0.000136,0.042130,0.000001,0.000170,0.000000,0.848543,0.000762,0.104707
64,0.000000,0.000589,0.000689,0.974445,0.000000,0.018263,0.000000,0.002556,0.002152,0.001306
65,0.000000,0.007398,0.000006,0.000129,0.003139,0.000033,0.000000,0.009415,0.001255,0.978625
66,0.000000,0.000046,0.000196,0.011402,0.000001,0.000464,0.000000,0.975866,0.000090,0.011934
67,0.000000,0.000120,0.000039,0.000002,0.986496,0.000397,0.000802,0.000008,0.003006,0.009130
68,0.000000,0.000148,0.000008,0.000001,0.985382,0.000310,0.000325,0.000002,0.003496,0.010330
69,0.000000,0.000023,0.000002,0.000000,0.998920,0.000008,0.000340,0.000000,0.000255,0.000451
70,0.000000,0.002586,0.000030,0.000093,0.130226,0.000531,0.000002,0.004849,0.004407,0.857276
71,0.000001,0.030545,0.625017,0.004095,0.000052,0.000310,0.000106,0.000099,0.339409,0.000366
72,0.000110,0.000000,0.000014,0.088791,0.000005,0.880971,0.000000,0.013252,0.006129,0.010727
73,0.000039,0.000398,0.005380,0.000007,0.888013,0.001389,0.063075,0.000005,0.039309,0.002386
74,0.000000,0.000005,0.000004,0.005444,0.000006,0.001218,0.000000,0.950557,0.000009,0.042758
75,0.000246,0.000000,0.001002,0.000000,0.005159,0.000119,0.993024,0.000000,0.000450,0.000000
76,0.000201,0.000000,0.000001,0.000024,0.715406,0.064450,0.000066,0.020403,0.000335,0.199113
77,0.000000,0.023357,0.000178,0.000329,0.152008,0.000747,0.000006,0.002421,0.017305,0.803650
78,0.981093,0.000000,0.000395,0.000047,0.000000,0.017721,0.000667,0.000005,0.000073,0.000000
79,0.007223,0.000000,0.000010,0.001448,0.000038,0.986566,0.000056,0.000210,0.003921,0.000528
64,0.000000,0.001030,0.001774,0.001730,0.000017,0.001081,0.000004,0.000010,0.993255,0.001099
65,0.005903,0.000000,0.000006,0.003237,0.000011,0.989034,0.000015,0.000457,0.000923,0.000413
66,0.000919,0.000000,0.000233,0.000000,0.007850,0.000283,0.990343,0.000000,0.000372,0.000000
67,0.000543,0.000000,0.000241,0.000000,0.000160,0.000056,0.998752,0.000000,0.000248,0.000000
68,0.006757,0.000000,0.000015,0.005360,0.000006,0.984985,0.000020,0.000326,0.002253,0.000277
69,0.000000,0.000224,0.000932,0.011796,0.000001,0.000224,0.000000,0.972452,0.000547,0.013823
70,0.000000,0.000580,0.000765,0.000137,0.000172,0.000661,0.000049,0.000000,0.997131,0.000504
71,0.000000,0.997128,0.000076,0.000144,0.000041,0.000001,0.000000,0.000001,0.001429,0.001180
72,0.996951,0.000000,0.000000,0.000000,0.000000,0.002267,0.000781,0.000000,0.000001,0.000000
73,0.000000,0.989986,0.000259,0.000182,0.000218,0.000002,0.000000,0.000004,0.005646,0.003703
74,0.000460,0.000000,0.000230,0.000000,0.000683,0.000063,0.998462,0.000000,0.000103,0.000000
75,0.000001,0.003612,0.002489,0.000024,0.760869,0.000946,0.001384,0.000130,0.158706,0.071839
76,0.000676,0.000000,0.000846,0.000001,0.007916,0.001179,0.987963,0.000000,0.001418,0.000000
77,0.000000,0.000000,0.000000,0.000985,0.000000,0.000080,0.000000,0.994739,0.000000,0.004196
78,0.000014,0.000257,0.169499,0.812695,0.000000,0.004556,0.000000,0.006296,0.006634,0.000049
79,0.000000,0.998084,0.000284,0.000154,0.000034,0.000000,0.000000,0.000002,0.000855,0.000588
80,0.000000,0.000197,0.000038,0.003600,0.000002,0.000069,0.000000,0.950319,0.000068,0.045707
81,0.000000,0.995175,0.000344,0.001750,0.000024,0.000005,0.000000,0.000007,0.001329,0.001366
82,0.000000,0.001483,0.004342,0.000635,0.000027,0.000426,0.000010,0.000005,0.992531,0.000541
83,0.000000,0.000372,0.998548,0.000277,0.000000,0.000001,0.000006,0.000000,0.000797,0.000000
84,0.994106,0.000000,0.000001,0.000000,0.000000,0.002099,0.003793,0.000000,0.000002,0.000000
85,0.000002,0.374992,0.099325,0.010457,0.235767,0.013603,0.009422,0.000208,0.215673,0.040551
86,0.000000,0.000895,0.000000,0.000024,0.008389,0.000046,0.000000,0.001536,0.000803,0.988307
87,0.000228,0.000459,0.022854,0.064827,0.000450,0.111488,0.000034,0.124249,0.572656,0.102756
88,0.027122,0.000000,0.000400,0.001093,0.003288,0.929539,0.006694,0.000149,0.030214,0.001500
89,0.015891,0.000000,0.000370,0.002404,0.000311,0.943031,0.002826,0.000049,0.034704,0.000413
90,0.000000,0.964310,0.001171,0.003928,0.001085,0.000056,0.000000,0.000330,0.002638,0.026483
91,0.000608,0.000001,0.000013,0.000768,0.018342,0.960228,0.001027,0.000122,0.009769,0.009121
92,0.000448,0.000001,0.001391,0.000000,0.031189,0.000298,0.966250,0.000000,0.000422,0.000001
93,0.992012,0.000000,0.000001,0.000000,0.000002,0.006579,0.001403,0.000000,0.000004,0.000000
94,0.000008,0.000047,0.059993,0.937251,0.000000,0.002034,0.000000,0.000482,0.000183,0.000001
95,0.000004,0.001348,0.000487,0.000127,0.951577,0.005637,0.002322,0.000130,0.004362,0.034006
80,0.000001,0.000002,0.000009,0.000000,0.981569,0.000128,0.015134,0.000000,0.003017,0.000140
81,0.000446,0.000000,0.000480,0.000000,0.000224,0.000059,0.998709,0.000000,0.000082,0.000000
82,0.011327,0.000000,0.000001,0.001186,0.000002,0.986317,0.000005,0.000238,0.000789,0.000136
83,0.000000,0.000002,0.000000,0.000000,0.998639,0.000009,0.000039,0.000000,0.000044,0.001266
84,0.000596,0.000000,0.001280,0.000000,0.003850,0.000145,0.993715,0.000000,0.000414,0.000000
85,0.000296,0.000001,0.000030,0.006829,0.000962,0.938043,0.000055,0.001301,0.029057,0.023426
86,0.000001,0.000031,0.000009,0.000004,0.901395,0.000979,0.000053,0.000784,0.001018,0.095728
87,0.075167,0.000005,0.005694,0.016050,0.004034,0.883701,0.009760,0.002263,0.001753,0.001573
88,0.000000,0.999172,0.000126,0.000134,0.000005,0.000000,0.000000,0.000000,0.000442,0.000121
89,0.000000,0.000004,0.000000,0.000000,0.996090,0.000211,0.000131,0.000001,0.000150,0.003412
90,0.000000,0.000006,0.000001,0.000001,0.990202,0.000816,0.000271,0.000005,0.000726,0.007973
91,0.000000,0.000078,0.000114,0.015047,0.000000,0.000079,0.000000,0.977532,0.000155,0.006995
92,0.000000,0.002857,0.739672,0.246246,0.000000,0.000296,0.000001,0.000003,0.010924,0.000000
93,0.000000,0.008574,0.003955,0.962504,0.000002,0.009467,0.000000,0.004574,0.007257,0.003666
94,0.000002,0.000156,0.995708,0.000309,0.000000,0.000014,0.000111,0.000000,0.003699,0.000000
95,0.000001,0.004911,0.002696,0.175899,0.000233,0.013952,0.000000,0.608348,0.003279,0.190679
96,0.000000,0.996264,0.000600,0.001296,0.000023,0.000003,0.000000,0.000011,0.000784,0.001020
97,0.000037,0.000107,0.002974,0.000510,0.004045,0.028078,0.002739,0.000013,0.958963,0.002534
98,0.000000,0.998617,0.000087,0.000221,0.000012,0.000000,0.000000,0.000003,0.000302,0.000757
99,0.000000,0.000286,0.003254,0.000152,0.000101,0.000956,0.000244,0.000000,0.994899,0.000107
100,0.000000,0.993477,0.000141,0.001072,0.000026,0.000002,0.000000,0.000037,0.000714,0.004531
101,0.000001,0.000281,0.003970,0.000162,0.000526,0.002600,0.001673,0.000000,0.990629,0.000157
102,0.007781,0.000000,0.000365,0.005141,0.000255,0.964650,0.001554,0.000077,0.019660,0.000515
103,0.998166,0.000000,0.000000,0.000000,0.000000,0.001798,0.000036,0.000000,0.000000,0.000000
104,0.000002,0.011133,0.015840,0.002427,0.006131,0.010708,0.004998,0.000003,0.946973,0.001787
105,0.000000,0.013307,0.000033,0.000038,0.174392,0.000095,0.000001,0.001247,0.004498,0.806390
106,0.000000,0.000339,0.924118,0.073735,0.000000,0.000030,0.000000,0.000002,0.001777,0.000000
107,0.000595,0.000000,0.000128,0.092533,0.000003,0.875360,0.000003,0.004322,0.024507,0.002549
108,0.999506,0.000000,0.000000,0.000000,0.000000,0.000446,0.000048,0.000000,0.000000,0.000000
109,0.000000,0.974201,0.002508,0.013162,0.000135,0.000093,0.000001,0.000054,0.005357,0.004490
110,0.000000,0.936462,0.000670,0.001389,0.000261,0.000011,0.000000,0.000515,0.012336,0.048356
111,0.000000,0.956083,0.001308,0.009992,0.000679,0.000207,0.000001,0.000065,0.014768,0.016897
96,0.989486,0.000000,0.000013,0.000002,0.000000,0.008121,0.002374,0.000000,0.000003,0.000000
97,0.000002,0.002698,0.000371,0.001863,0.358786,0.038519,0.000244,0.002218,0.048684,0.546615
98,0.996782,0.000000,0.000000,0.000000,0.000000,0.003176,0.000042,0.000000,0.000000,0.000000
99,0.000002,0.287539,0.112433,0.341457,0.002851,0.036152,0.000249,0.002634,0.178867,0.037816
100,0.000000,0.973835,0.000403,0.000111,0.003081,0.000009,0.000003,0.000000,0.019429,0.003128
101,0.000532,0.000000,0.000055,0.000000,0.000147,0.000055,0.999134,0.000000,0.000078,0.000000
102,0.000000,0.000005,0.000001,0.000000,0.984317,0.000484,0.000094,0.000009,0.000823,0.014267
103,0.000000,0.000423,0.969685,0.027520,0.000000,0.000016,0.000000,0.000014,0.002340,0.000000
104,0.000000,0.000029,0.003578,0.993949,0.000000,0.000797,0.000000,0.001333,0.000308,0.000006
105,0.000626,0.000000,0.000705,0.000000,0.000543,0.000071,0.997882,0.000000,0.000174,0.000000
106,0.000000,0.994493,0.000451,0.000699,0.000026,0.000002,0.000000,0.000024,0.001730,0.002575
107,0.000000,0.992020,0.000864,0.003166,0.000057,0.000012,0.000000,0.000019,0.001723,0.002139
108,0.000000,0.994400,0.001567,0.000779,0.000120,0.000004,0.000000,0.000015,0.001535,0.001579
109,0.000000,0.004347,0.001553,0.983622,0.000001,0.006157,0.000000,0.001618,0.001543,0.001159
110,0.000000,0.000952,0.000000,0.000032,0.054182,0.000382,0.000000,0.000198,0.005793,0.938461
111,0.003570,0.000001,0.000111,0.002443,0.003297,0.961995,0.000960,0.000479,0.020798,0.006347
112,0.000001,0.000155,0.998231,0.000085,0.000000,0.000003,0.000161,0.000000,0.001364,0.000000
113,0.000000,0.004968,0.000003,0.000799,0.028307,0.001629,0.000000,0.001484,0.002131,0.960678
114,0.000001,0.000004,0.000001,0.000001,0.971413,0.001010,0.000069,0.000105,0.000281,0.027115
115,0.001566,0.000009,0.000475,0.045889,0.000946,0.792249,0.000038,0.082889,0.010713,0.065226
116,0.000000,0.001080,0.000001,0.000543,0.002146,0.000284,0.000000,0.023637,0.000234,0.972075
117,0.000000,0.018678,0.002817,0.948886,0.000001,0.001900,0.000000,0.018449,0.003018,0.006252
118,0.000000,0.003070,0.000002,0.000098,0.009964,0.000174,0.000000,0.000821,0.006357,0.979516
119,0.952226,0.000000,0.000117,0.000010,0.000039,0.043208,0.004007,0.000009,0.000382,0.000003
120,0.000000,0.000273,0.000076,0.985088,0.000000,0.000129,0.000000,0.014211,0.000058,0.000164
121,0.085904,0.000000,0.000120,0.000004,0.006240,0.113619,0.790570,0.000000,0.003540,0.000003
122,0.008402,0.000000,0.000164,0.012212,0.000390,0.940361,0.000061,0.021851,0.004450,0.012110
123,0.009125,0.000000,0.000120,0.009209,0.000053,0.979008,0.000337,0.000145,0.001766,0.000238
124,0.000000,0.000000,0.000000,0.000043,0.000000,0.000030,0.000000,0.944476,0.000000,0.055450
125,0.012825,0.000001,0.975467,0.003268,0.000000,0.003350,0.002532,0.000002,0.002556,0.000000
126,0.000013,0.000007,0.996993,0.000414,0.000000,0.000029,0.000043,0.000000,0.002502,0.000000
127,0.000000,0.000002,0.000001,0.001142,0.000000,0.000017,0.000000,0.992682,0.000001,0.006156
112,0.000000,0.908869,0.033387,0.015476,0.002780,0.000587,0.000029,0.000478,0.022868,0.015526
113,0.000005,0.000031,0.989158,0.006454,0.000000,0.000128,0.000014,0.000001,0.004209,0.000000
114,0.000000,0.000454,0.001228,0.000144,0.000575,0.001547,0.000272,0.000001,0.995207,0.000574
115,0.000004,0.000168,0.000129,0.000014,0.977600,0.002482,0.002164,0.000036,0.003384,0.014019
116,0.000000,0.998393,0.000166,0.000213,0.000012,0.000000,0.000000,0.000004,0.000473,0.000739
117,0.000000,0.000004,0.000003,0.004126,0.000000,0.000166,0.000000,0.983646,0.000005,0.012049
118,0.000006,0.000186,0.003388,0.957896,0.000000,0.016092,0.000000,0.021457,0.000400,0.000574
119,0.000000,0.010024,0.008686,0.960419,0.000001,0.005816,0.000000,0.001218,0.012840,0.000995
120,0.000068,0.000016,0.000895,0.000234,0.003068,0.054973,0.006727,0.000001,0.933282,0.000735
121,0.000000,0.005552,0.019344,0.395621,0.000002,0.007290,0.000000,0.092296,0.448388,0.031506
122,0.000000,0.000015,0.000058,0.040836,0.000000,0.001171,0.000000,0.947405,0.000095,0.010420
123,0.000000,0.001471,0.000005,0.000099,0.010051,0.000090,0.000000,0.029016,0.000279,0.958989
124,0.000003,0.000034,0.999098,0.000190,0.000000,0.000008,0.000211,0.000000,0.000456,0.000000
125,0.000000,0.002137,0.994560,0.000206,0.000000,0.000004,0.000150,0.000000,0.002943,0.000000
126,0.000000,0.000003,0.000000,0.000000,0.999388,0.000006,0.000147,0.000000,0.000067,0.000388
127,0.000000,0.998084,0.000072,0.000394,0.000017,0.000001,0.000000,0.000005,0.000239,0.001189
128,0.000496,0.000000,0.000029,0.012261,0.000078,0.968456,0.000025,0.000698,0.013811,0.004145
129,0.000039,0.000257,0.001707,0.018260,0.002410,0.173311,0.000060,0.008489,0.648818,0.146647
130,0.000000,0.000766,0.001207,0.000048,0.002945,0.000568,0.000115,0.000007,0.990152,0.004191
131,0.000034,0.000051,0.000364,0.029585,0.000305,0.025328,0.000001,0.864007,0.000208,0.080118
132,0.000159,0.003618,0.944260,0.021260,0.000114,0.005318,0.002083,0.000193,0.022876,0.000118
133,0.000010,0.062396,0.102591,0.715889,0.000652,0.074511,0.000375,0.001620,0.035289,0.006669
134,0.997577,0.000000,0.000004,0.000000,0.000000,0.000945,0.001472,0.000000,0.000002,0.000000
135,0.000389,0.000086,0.121935,0.000020,0.003899,0.000871,0.865717,0.000000,0.007082,0.000001
136,0.000000,0.000003,0.000000,0.000000,0.997590,0.000014,0.000057,0.000001,0.000201,0.002135
137,0.000000,0.075502,0.913017,0.006254,0.000000,0.000006,0.000005,0.000000,0.005215,0.000000
138,0.000000,0.000065,0.000001,0.000001,0.906011,0.000375,0.000013,0.000013,0.002954,0.090567
139,0.000000,0.906143,0.006974,0.028279,0.001292,0.000939,0.000009,0.000180,0.036114,0.020071
140,0.000000,0.000366,0.000000,0.000013,0.012008,0.000037,0.000000,0.001867,0.000146,0.985563
141,0.004610,0.000000,0.000028,0.003256,0.000127,0.988385,0.000190,0.000157,0.002606,0.000640
142,0.000000,0.000000,0.000000,0.001080,0.000000,0.000036,0.000000,0.993385,0.000001,0.005498
143,0.000000,0.000017,0.000012,0.013130,0.000000,0.000390,0.000000,0.964866,0.000034,0.021549
128,0.000000,0.131259,0.772997,0.083234,0.000000,0.000016,0.000000,0.000006,0.012485,0.000003
129,0.000001,0.008213,0.019435,0.001094,0.003154,0.005332,0.008987,0.000000,0.953401,0.000383
130,0.000005,0.000017,0.999108,0.000049,0.000000,0.000004,0.000364,0.000000,0.000453,0.000000
131,0.948226,0.000000,0.000110,0.000024,0.000012,0.047233,0.004338,0.000003,0.000052,0.000001
132,0.000000,0.000466,0.002203,0.000913,0.000047,0.001788,0.000021,0.000007,0.993740,0.000816
133,0.008149,0.000004,0.002780,0.050710,0.000100,0.908498,0.000448,0.001779,0.026018,0.001514
134,0.000000,0.000000,0.000000,0.000532,0.000000,0.000044,0.000000,0.995948,0.000000,0.003476
135,0.000000,0.000001,0.000000,0.000904,0.000000,0.000018,0.000000,0.990149,0.000001,0.008928
136,0.000000,0.112529,0.000135,0.005606,0.035965,0.003699,0.000004,0.000855,0.052846,0.788361
137,0.000000,0.998986,0.000069,0.000128,0.000005,0.000000,0.000000,0.000000,0.000555,0.000257
138,0.000561,0.000016,0.002453,0.000139,0.012480,0.084452,0.132662,0.000000,0.766980,0.000256
139,0.000000,0.996076,0.000051,0.000197,0.000086,0.000001,0.000000,0.000004,0.000538,0.003046
140,0.000007,0.000407,0.001293,0.004643,0.002866,0.062246,0.000180,0.000258,0.898007,0.030093
141,0.993526,0.000000,0.000015,0.000002,0.000000,0.005972,0.000483,0.000000,0.000002,0.000000
142,0.000001,0.000140,0.001750,0.972865,0.000000,0.017808,0.000000,0.000915,0.006298,0.000224
143,0.990901,0.000000,0.000002,0.000000,0.000003,0.005758,0.003332,0.000000,0.000006,0.000000
144,0.000000,0.997409,0.000080,0.000500,0.000019,0.000001,0.000000,0.000005,0.000449,0.001536
145,0.000000,0.008016,0.000020,0.002039,0.000041,0.000055,0.000000,0.099690,0.007511,0.882627
146,0.000000,0.001039,0.000004,0.000631,0.000043,0.000031,0.000000,0.257376,0.000418,0.740459
147,0.000000,0.000029,0.000002,0.000000,0.983950,0.000046,0.000032,0.000006,0.000766,0.015170
148,0.000000,0.998696,0.000058,0.000101,0.000011,0.000000,0.000000,0.000001,0.000536,0.000597
149,0.000000,0.002242,0.001177,0.000671,0.000389,0.001117,0.000011,0.000041,0.985576,0.008776
150,0.000038,0.000031,0.988548,0.000350,0.000000,0.000090,0.000399,0.000000,0.010544,0.000000
151,0.000000,0.997360,0.000164,0.000767,0.000018,0.000001,0.000000,0.000014,0.000233,0.001443
152,0.000000,0.069797,0.915811,0.001464,0.000000,0.000002,0.000006,0.000000,0.012920,0.000000
153,0.000000,0.005748,0.000001,0.000029,0.004524,0.000012,0.000000,0.001617,0.001007,0.987062
154,0.000001,0.002335,0.009477,0.148281,0.000004,0.002239,0.000000,0.804810,0.005251,0.027601
155,0.006203,0.000000,0.000017,0.013860,0.000051,0.948241,0.000006,0.026903,0.000314,0.004405
156,0.000000,0.000601,0.000002,0.000031,0.013604,0.000059,0.000000,0.015134,0.000272,0.970297
157,0.000003,0.000006,0.999511,0.000118,0.000000,0.000005,0.000175,0.000000,0.000182,0.000000
158,0.000445,0.000000,0.001109,0.000001,0.000687,0.000939,0.993213,0.000000,0.003606,0.000000
159,0.000000,0.000075,0.000008,0.000008,0.951908,0.001068,0.000078,0.000242,0.000244,0.046370
144,0.000000,0.968335,0.000577,0.000434,0.001845,0.000022,0.000002,0.000004,0.021560,0.007221
145,0.000821,0.000031,0.000633,0.005435,0.027018,0.888604,0.006565,0.000163,0.057868,0.012861
146,0.000013,0.000279,0.000458,0.000081,0.702839,0.038357,0.039189,0.000002,0.209943,0.008840
147,0.000000,0.006883,0.878073,0.101940,0.000000,0.000298,0.000011,0.000001,0.012794,0.000001
148,0.000000,0.000312,0.000001,0.000039,0.002523,0.000037,0.000000,0.037233,0.000144,0.959711
149,0.000006,0.000178,0.994516,0.000096,0.000001,0.000019,0.001629,0.000000,0.003555,0.000000
150,0.998013,0.000000,0.000000,0.000000,0.000000,0.001754,0.000232,0.000000,0.000001,0.000000
151,0.000000,0.000069,0.000001,0.000001,0.987137,0.000211,0.000071,0.000003,0.000440,0.012067
152,0.999776,0.000000,0.000000,0.000000,0.000000,0.000218,0.000006,0.000000,0.000000,0.000000
153,0.997308,0.000000,0.000001,0.000000,0.000000,0.002419,0.000272,0.000000,0.000001,0.000000
154,0.000000,0.013557,0.954835,0.024617,0.000000,0.000021,0.000002,0.000000,0.006968,0.000000
155,0.000000,0.001808,0.004282,0.004436,0.000106,0.005956,0.000070,0.000008,0.982085,0.001248
156,0.000025,0.035816,0.067248,0.001121,0.664337,0.012817,0.129638,0.000019,0.082861,0.006117
157,0.000001,0.000002,0.000028,0.005411,0.000000,0.000554,0.000000,0.988270,0.000023,0.005711
158,0.000000,0.999305,0.000065,0.000105,0.000008,0.000000,0.000000,0.000000,0.000276,0.000240
159,0.000054,0.012907,0.923845,0.009207,0.000836,0.002848,0.001302,0.000972,0.046981,0.001048
160,0.000000,0.000063,0.000012,0.000003,0.965020,0.001659,0.000655,0.000006,0.012883,0.019700
161,0.995472,0.000000,0.000002,0.000000,0.000000,0.004220,0.000302,0.000000,0.000004,0.000000
162,0.000000,0.012481,0.965763,0.018236,0.000000,0.000011,0.000001,0.000000,0.003507,0.000000
163,0.000000,0.000068,0.000018,0.006498,0.000000,0.000080,0.000000,0.962830,0.000087,0.030419
164,0.000000,0.000006,0.000016,0.000000,0.973469,0.000093,0.014060,0.000000,0.012147,0.000208
165,0.000000,0.000417,0.002957,0.994726,0.000000,0.001352,0.000000,0.000211,0.000325,0.000013
166,0.000000,0.011091,0.001041,0.978385,0.000000,0.002366,0.000000,0.002542,0.002299,0.002277
167,0.998322,0.000000,0.000001,0.000000,0.000000,0.000956,0.000719,0.000000,0.000001,0.000000
168,0.984746,0.000000,0.000002,0.000000,0.000004,0.004922,0.010317,0.000000,0.000009,0.000000
169,0.000031,0.000010,0.000115,0.578293,0.000003,0.392135,0.000000,0.020585,0.002116,0.006711
170,0.000000,0.998897,0.000045,0.000143,0.000013,0.000000,0.000000,0.000001,0.000390,0.000511
171,0.000000,0.005334,0.000015,0.000233,0.000489,0.000029,0.000000,0.045761,0.003400,0.944739
172,0.000192,0.000000,0.000059,0.000000,0.012047,0.000665,0.986530,0.000000,0.000507,0.000000
173,0.036310,0.000000,0.000017,0.000305,0.024629,0.924052,0.001084,0.004073,0.001141,0.008390
174,0.014998,0.000019,0.699570,0.157091,0.000001,0.108638,0.002976,0.000044,0.016660,0.000004
175,0.001122,0.000001,0.000045,0.002304,0.002942,0.961830,0.000492,0.000296,0.023055,0.007912
160,0.000000,0.405751,0.000143,0.014239,0.000305,0.000120,0.000000,0.021441,0.004594,0.553406
161,0.000003,0.000314,0.013330,0.475642,0.000000,0.004440,0.000000,0.493322,0.008818,0.004131
162,0.000000,0.001618,0.000000,0.000275,0.005071,0.000254,0.000000,0.003126,0.000288,0.989369
163,0.000000,0.007473,0.002212,0.987966,0.000000,0.000354,0.000000,0.000532,0.001343,0.000120
164,0.120605,0.000003,0.003473,0.004877,0.014978,0.818397,0.006912,0.012389,0.008368,0.009999
165,0.000000,0.001054,0.000162,0.000008,0.943926,0.000595,0.000658,0.000020,0.019588,0.033990
166,0.000007,0.000262,0.935498,0.000088,0.000004,0.000083,0.054343,0.000000,0.009714,0.000000
167,0.995221,0.000000,0.000000,0.000000,0.000000,0.003329,0.001448,0.000000,0.000001,0.000000
168,0.000000,0.000048,0.000033,0.007595,0.000000,0.000132,0.000000,0.972324,0.000095,0.019773
169,0.000000,0.996734,0.000091,0.000328,0.000043,0.000001,0.000000,0.000006,0.000567,0.002229
170,0.000000,0.997008,0.000093,0.000313,0.000057,0.000001,0.000000,0.000005,0.000487,0.002037
171,0.000000,0.002966,0.992572,0.000918,0.000000,0.000002,0.000009,0.000000,0.003533,0.000000
172,0.000000,0.996836,0.000050,0.000350,0.000015,0.000000,0.000000,0.000016,0.000184,0.002550
173,0.001786,0.000000,0.000116,0.014370,0.000023,0.948401,0.000040,0.000626,0.033143,0.001495
174,0.000000,0.000473,0.001310,0.996839,0.000000,0.000486,0.000000,0.000653,0.000216,0.000023
175,0.000000,0.007134,0.020802,0.958798,0.000000,0.002070,0.000000,0.000682,0.010320,0.000193
176,0.000000,0.000457,0.000001,0.000015,0.040728,0.000074,0.000000,0.005587,0.000555,0.952582
177,0.000000,0.000001,0.000000,0.001118,0.000000,0.000024,0.000000,0.992133,0.000000,0.006723
178,0.000004,0.000091,0.001715,0.000125,0.000873,0.004778,0.001358,0.000001,0.990670,0.000385
179,0.000760,0.000000,0.000416,0.000000,0.000242,0.000095,0.998122,0.000000,0.000366,0.000000
180,0.000070,0.006002,0.035507,0.733550,0.000394,0.185944,0.000173,0.008717,0.019120,0.010523
181,0.002013,0.000019,0.002786,0.000016,0.665637,0.012417,0.312693,0.000006,0.003895,0.000518
182,0.000000,0.997706,0.000056,0.000240,0.000018,0.000000,0.000000,0.000002,0.000664,0.001314
183,0.000000,0.002540,0.001914,0.987715,0.000000,0.003636,0.000000,0.000465,0.003456,0.000274
184,0.000012,0.000396,0.001237,0.002393,0.011182,0.103410,0.002159,0.000020,0.868444,0.010748
185,0.000000,0.990595,0.000019,0.000462,0.000022,0.000001,0.000000,0.000025,0.000388,0.008488
186,0.989545,0.000000,0.000040,0.000001,0.000000,0.007256,0.003132,0.000000,0.000026,0.000000
187,0.000377,0.000001,0.000055,0.001976,0.002820,0.872593,0.000549,0.000097,0.112210,0.009322
188,0.000000,0.997156,0.000503,0.000093,0.000045,0.000000,0.000000,0.000000,0.001965,0.000238
189,0.000000,0.001300,0.005819,0.682348,0.000000,0.001560,0.000000,0.299862,0.004262,0.004849
190,0.000000,0.993396,0.000060,0.001826,0.000011,0.000002,0.000000,0.000023,0.000567,0.004115
191,0.004195,0.000000,0.000005,0.002774,0.000008,0.989341,0.000009,0.000419,0.002702,0.000547
176,0.192171,0.000000,0.000150,0.009662,0.000001,0.794675,0.000033,0.001992,0.001244,0.000071
177,0.002074,0.000000,0.001382,0.000000,0.002186,0.000348,0.990900,0.000000,0.003109,0.000000
178,0.000000,0.990898,0.000970,0.000795,0.000026,0.000002,0.000000,0.000035,0.004312,0.002963
179,0.000000,0.000532,0.000566,0.000028,0.018952,0.002119,0.002613,0.000000,0.973620,0.001570
180,0.003720,0.000000,0.000002,0.000729,0.000080,0.993997,0.000048,0.000113,0.000862,0.000451
181,0.000000,0.941928,0.009557,0.028966,0.000343,0.000278,0.000002,0.000512,0.007212,0.011203
182,0.000000,0.000112,0.000004,0.003370,0.003803,0.007910,0.000000,0.215625,0.000139,0.769037
183,0.000000,0.008246,0.000007,0.000040,0.111922,0.000196,0.000001,0.000195,0.020618,0.858774
184,0.000000,0.000740,0.000135,0.000003,0.992124,0.000182,0.001242,0.000004,0.000947,0.004622
185,0.000306,0.000000,0.000087,0.000000,0.001245,0.000062,0.998190,0.000000,0.000110,0.000000
186,0.000142,0.001066,0.389078,0.420765,0.000003,0.022526,0.000010,0.049185,0.115233,0.001993
187,0.000000,0.123416,0.866536,0.002038,0.000000,0.000004,0.000033,0.000000,0.007974,0.000000
188,0.022816,0.000000,0.000130,0.006009,0.000005,0.958642,0.000087,0.000226,0.011936,0.000150
189,0.989344,0.000000,0.000003,0.000000,0.000000,0.005073,0.005571,0.000000,0.000009,0.000000
190,0.005057,0.000014,0.037631,0.000028,0.013029,0.005707,0.931577,0.000000,0.006948,0.000008
191,0.003695,0.000001,0.000262,0.013736,0.000108,0.966021,0.000212,0.000527,0.014042,0.001395
192,0.001935,0.000000,0.000248,0.000000,0.000821,0.000956,0.995327,0.000000,0.000712,0.000000
193,0.000000,0.001075,0.004270,0.980572,0.000000,0.007260,0.000000,0.002926,0.003391,0.000505
194,0.000000,0.000001,0.000000,0.000959,0.000000,0.000020,0.000000,0.990982,0.000000,0.008038
195,0.000000,0.012310,0.975211,0.009928,0.000000,0.000018,0.000019,0.000000,0.002513,0.000000
196,0.984143,0.000000,0.000138,0.000016,0.000000,0.014779,0.000882,0.000001,0.000041,0.000000
197,0.000001,0.001042,0.036695,0.010270,0.000007,0.003789,0.000032,0.000021,0.947858,0.000285
198,0.000000,0.002785,0.004041,0.000423,0.000182,0.000562,0.000049,0.000003,0.991047,0.000907
199,0.007596,0.000000,0.000004,0.000997,0.000033,0.988269,0.000028,0.000321,0.002171,0.000581
200,0.000000,0.000024,0.000001,0.000005,0.910684,0.001795,0.000023,0.000117,0.000394,0.086957
201,0.000000,0.995567,0.000133,0.000468,0.000052,0.000001,0.000000,0.000014,0.000627,0.003137
202,0.000000,0.999035,0.000056,0.000148,0.000011,0.000000,0.000000,0.000001,0.000205,0.000543
203,0.000000,0.000004,0.000000,0.000000,0.992449,0.000113,0.000040,0.000004,0.000151,0.007239
204,0.992716,0.000000,0.000001,0.000000,0.000001,0.004490,0.002784,0.000000,0.000008,0.000000
205,0.000009,0.000659,0.003417,0.258963,0.000026,0.015332,0.000000,0.695014,0.000543,0.026038
206,0.000000,0.003422,0.000093,0.987132,0.000000,0.001249,0.000000,0.003997,0.000989,0.003118
207,0.000000,0.000001,0.000001,0.002799,0.000000,0.000206,0.000000,0.987321,0.000003,0.009669
192,0.000193,0.000000,0.000518,0.000000,0.000417,0.000031,0.998685,0.000000,0.000157,0.000000
193,0.000000,0.998974,0.000158,0.000258,0.000006,0.000000,0.000000,0.000001,0.000301,0.000302
194,0.075457,0.000000,0.001050,0.000024,0.010915,0.079455,0.830872,0.000000,0.002218,0.000009
195,0.000037,0.002651,0.977369,0.001286,0.000108,0.000483,0.003925,0.000009,0.014117,0.000015
196,0.000000,0.995818,0.000415,0.000758,0.000012,0.000001,0.000000,0.000014,0.001473,0.001508
197,0.000000,0.000835,0.000013,0.000465,0.109742,0.008108,0.000005,0.002411,0.011967,0.866454
198,0.000018,0.000073,0.996442,0.000345,0.000000,0.000034,0.000192,0.000001,0.002894,0.000000
199,0.000587,0.000021,0.084431,0.002183,0.000034,0.025428,0.003283,0.000007,0.883977,0.000049
200,0.000278,0.000000,0.000494,0.000000,0.001083,0.000064,0.997919,0.000000,0.000162,0.000000
201,0.000000,0.990187,0.000112,0.000755,0.000061,0.000002,0.000000,0.000063,0.000572,0.008247
202,0.000000,0.000355,0.000005,0.000161,0.014080,0.000597,0.000000,0.029256,0.001015,0.954531
203,0.000655,0.000002,0.000091,0.002808,0.001894,0.904321,0.000764,0.000090,0.083787,0.005589
204,0.000001,0.000326,0.998336,0.000335,0.000000,0.000006,0.000061,0.000000,0.000935,0.000000
205,0.005612,0.000000,0.000071,0.004104,0.000104,0.979745,0.000244,0.000185,0.009184,0.000752
206,0.000000,0.000003,0.000001,0.000000,0.995262,0.000140,0.000093,0.000003,0.000136,0.004363
207,0.000000,0.000082,0.000017,0.000000,0.995818,0.000037,0.000264,0.000004,0.000308,0.003471
208,0.001291,0.000001,0.994754,0.000665,0.000000,0.000336,0.000590,0.000001,0.002362,0.000000
209,0.000000,0.001723,0.003884,0.001469,0.000250,0.003444,0.000144,0.000004,0.987996,0.001085
210,0.000000,0.007977,0.003053,0.987053,0.000000,0.000502,0.000000,0.000495,0.000811,0.000109
211,0.000037,0.002870,0.024577,0.004720,0.013799,0.030770,0.001071,0.001308,0.880029,0.040819
212,0.000002,0.001270,0.924729,0.058797,0.000000,0.000384,0.000005,0.000077,0.014731,0.000004
213,0.000000,0.000045,0.000001,0.000000,0.992155,0.000028,0.000031,0.000003,0.000146,0.007590
214,0.011989,0.000000,0.000017,0.000112,0.023684,0.936679,0.005866,0.000068,0.018681,0.002904
215,0.998148,0.000000,0.000000,0.000000,0.000000,0.001787,0.000064,0.000000,0.000001,0.000000
216,0.000000,0.008136,0.006575,0.977987,0.000000,0.001375,0.000000,0.000848,0.004814,0.000265
217,0.000000,0.987631,0.000288,0.000640,0.000272,0.000009,0.000000,0.000004,0.006775,0.004379
218,0.000000,0.000000,0.000000,0.000091,0.000000,0.000038,0.000000,0.994167,0.000000,0.005704
219,0.000000,0.000077,0.000011,0.013596,0.000000,0.000096,0.000000,0.958427,0.000071,0.027722
220,0.000027,0.000009,0.000149,0.426357,0.000003,0.508986,0.000000,0.020251,0.029454,0.014763
221,0.000000,0.000000,0.000000,0.000104,0.000000,0.000015,0.000000,0.995596,0.000000,0.004285
222,0.000000,0.015483,0.000022,0.000794,0.016798,0.000551,0.000000,0.003978,0.004921,0.957454
223,0.000000,0.000000,0.000000,0.000047,0.000000,0.000135,0.000000,0.984613,0.000000,0.015205
208,0.000000,0.996698,0.000206,0.000100,0.000117,0.000001,0.000000,0.000001,0.002091,0.000786
209,0.000000,0.000171,0.000002,0.000202,0.005064,0.000657,0.000000,0.030576,0.000695,0.962633
210,0.000015,0.000042,0.997521,0.000373,0.000000,0.000033,0.000224,0.000000,0.001791,0.000000
211,0.000000,0.997221,0.000249,0.001033,0.000014,0.000001,0.000000,0.000009,0.000424,0.001048
212,0.000031,0.000315,0.000568,0.000127,0.867865,0.010003,0.001101,0.002369,0.007621,0.110002
213,0.007076,0.000005,0.847455,0.114124,0.000000,0.025798,0.000357,0.000038,0.005146,0.000001
214,0.000000,0.000476,0.000000,0.000025,0.031472,0.000186,0.000000,0.001131,0.001514,0.965196
215,0.000001,0.000064,0.999104,0.000408,0.000000,0.000006,0.000042,0.000000,0.000375,0.000000
216,0.994546,0.000000,0.000000,0.000000,0.000000,0.004737,0.000715,0.000000,0.000001,0.000000
217,0.000008,0.000048,0.000421,0.000001,0.966658,0.000363,0.024706,0.000001,0.006970,0.000825
218,0.000000,0.000796,0.000004,0.000102,0.152088,0.001538,0.000001,0.001956,0.002951,0.840564
